2.881176001856852963e+03 2.235261980311917529e-01
2.898289153856851044e+03 2.308636887075382615e-01
2.915387073856854840e+03 2.420565829269167857e-01
2.932469761856851619e+03 2.608354709596871768e-01
2.949537217856854113e+03 2.704997415503661018e-01
2.966589441856853227e+03 2.803163000166986052e-01
2.983626433856850781e+03 2.899656892326868962e-01
3.000648193856855869e+03 3.016225223099179287e-01
3.017654721856853939e+03 3.074724916806467201e-01
3.034646017856854087e+03 3.181020819695639101e-01
3.051622081856854493e+03 3.270032999032561616e-01
3.068582913856851519e+03 3.330597393156140007e-01
3.085528513856852442e+03 3.374074987221429289e-01
3.102458881856851804e+03 3.579960261743605487e-01
3.119374017856853243e+03 3.673518382494224133e-01
3.136273921856854940e+03 3.752126016307241740e-01
3.153158593856853258e+03 3.825922321484307442e-01
3.170028033856853654e+03 3.991789636176527600e-01
3.186882241856852488e+03 4.087676190162173318e-01
3.203721217856855219e+03 4.224083798824658786e-01
3.220544961856852751e+03 4.272000984183617067e-01
3.237353473856850542e+03 4.240962498510231771e-01
3.254146753856854048e+03 4.164924435662042956e-01
3.270924801856852355e+03 4.180892769867425862e-01
3.287687617856854558e+03 4.249736254082538967e-01
3.304435201856853382e+03 4.214143607026202276e-01
3.321167553856852464e+03 4.251076736085994678e-01
3.337884673856853624e+03 4.361465459695079150e-01
3.354586561856851404e+03 4.396747051246794324e-01
3.371273217856853080e+03 4.765945428395541028e-01
3.387944641856855014e+03 4.824120638834303310e-01
3.404600833856851750e+03 4.929774495996064876e-01
3.421241793856854201e+03 4.886462621299557108e-01
3.437867521856853273e+03 4.918757524932704794e-01
3.454478017856854422e+03 4.947956587815151019e-01
3.471073281856854010e+03 4.992826111189733740e-01
3.487653313856852037e+03 5.194751175669649612e-01
3.504218113856852142e+03 5.419947268196478873e-01
3.520767681856852505e+03 5.604502450047470496e-01
3.537302017856854945e+03 5.990708690714525719e-01
3.553821121856854006e+03 6.255183575739000634e-01
3.570324993856853325e+03 6.641411130087213621e-01
3.586813633856852903e+03 7.044265266495582933e-01
3.603287041856850919e+03 7.613975870850153704e-01
3.619745217856854651e+03 8.114625003248950863e-01
3.636188161856851366e+03 8.669043100829195714e-01
3.652615873856851977e+03 9.103516020012423215e-01
3.669028353856854665e+03 9.358552479291618598e-01
3.685425601856852154e+03 9.824477325743521394e-01
3.701807617856853540e+03 9.720561878199799333e-01
3.718174401856853365e+03 9.872801201103027502e-01
3.734525953856851629e+03 1.000000000000000000e+00
3.750862273856853790e+03 9.913463243113125323e-01
3.767183361856852571e+03 9.711535660376464651e-01
3.783489217856853429e+03 9.323698301113638731e-01
3.799779841856854546e+03 8.819803894000894928e-01
3.816055233856852283e+03 8.158712111783338328e-01
3.832315393856852097e+03 7.501332797794276752e-01
3.848560321856850351e+03 6.659247335973823567e-01
3.864790017856854320e+03 5.695053865467103460e-01
3.881004481856853090e+03 5.122733726581881752e-01
3.897203713856852119e+03 4.248592571869775347e-01
3.913387713856853225e+03 3.643709141796666606e-01
3.929556481856852770e+03 3.164432407586909024e-01
3.945710017856854392e+03 2.962880491377407610e-01
3.961848321856854454e+03 2.952159286197502674e-01
3.977971393856852956e+03 2.968125984554746410e-01
3.994079233856853534e+03 2.958083146934656349e-01
4.010171841856850733e+03 3.062842408318592891e-01
4.026249217856855466e+03 3.164773388301403423e-01
4.042311361856853182e+03 3.338626004718173723e-01
4.058358273856851156e+03 3.412165622001073206e-01
4.074389953856853026e+03 3.462992921479197683e-01
4.090406401856851517e+03 3.487740504540034481e-01
4.106407617856852085e+03 3.484600100727515692e-01
4.122393601856852911e+03 3.444855239120585555e-01
4.138364353856850357e+03 3.502578588384631098e-01
4.154319873856855338e+03 3.505637975154078934e-01
4.170260161856853301e+03 3.478887777671646475e-01
4.186185217856853342e+03 3.374339375515842399e-01
4.202095041856853641e+03 3.471622108029369103e-01
4.217989633856852379e+03 3.596042257555397414e-01
4.233868993856853194e+03 3.626477645174419617e-01
4.249733121856850630e+03 3.701467986055350656e-01
4.265582017856853781e+03 3.694537215686536924e-01
4.281415681856853553e+03 3.536332922070691276e-01
4.297234113856851764e+03 3.477525879150757948e-01
4.313037313856852961e+03 3.423984848707970485e-01
4.328825281856851689e+03 3.305292478986804894e-01
4.344598017856854312e+03 3.359381654381693449e-01
4.360355521856853557e+03 3.243055557445833070e-01
4.376097793856852149e+03 3.075297891919161475e-01
4.391824833856853729e+03 3.037545460405201014e-01
4.407536641856852839e+03 2.853747197538031299e-01
4.423233217856854935e+03 2.768695523136002201e-01
4.438914561856852742e+03 2.758856949413582837e-01
4.454580673856850808e+03 2.759271607635777057e-01
4.470231553856853679e+03 2.729303183687982193e-01
4.485867201856851352e+03 2.718902905236517120e-01
4.501487617856853831e+03 2.628871570091109167e-01
4.517092801856853839e+03 2.485045586883680713e-01
4.532682753856852287e+03 2.425942306292913908e-01
4.548257473856854631e+03 2.444337058917540606e-01
4.563816961856852686e+03 2.477647501087648363e-01
4.579361217856853727e+03 2.504947694342859466e-01
4.594890241856853208e+03 2.522245105356043515e-01
4.610404033856851129e+03 2.618011233020795525e-01
4.625902593856853855e+03 2.670282196352367632e-01
4.641385921856852292e+03 2.708286293452356053e-01
4.656854017856854625e+03 2.698364774084409667e-01
4.672306881856853579e+03 2.747724632342991025e-01
4.687744513856851881e+03 2.693859311851602434e-01
4.703166913856853171e+03 2.610755138582379620e-01
4.718574081856851080e+03 2.552109622208491579e-01
4.733966017856853796e+03 2.577957164524117273e-01
4.749342721856854951e+03 2.490119393135696857e-01
4.764704193856852726e+03 2.383696703668711503e-01
4.780050433856853488e+03 2.320673995072072282e-01
4.795381441856851779e+03 2.247000330652479394e-01
4.810697217856853968e+03 2.184267361702234012e-01
4.825997761856852776e+03 2.225240837234110369e-01
4.841283073856850933e+03 2.249817356294709914e-01
4.856553153856854806e+03 2.124663564071803956e-01
4.871808001856852570e+03 1.982714888450059498e-01
4.887047617856853321e+03 1.951158241277280436e-01
4.902272001856853421e+03 1.912506244746433048e-01
4.917481153856851961e+03 1.888487955712662980e-01
4.932675073856853487e+03 1.865445547296623041e-01
4.947853761856852543e+03 2.005627900660182927e-01
4.963017217856852767e+03 1.929522941677249970e-01
4.978165441856854159e+03 1.836637910105147486e-01
4.993298433856852171e+03 1.915612887873530124e-01
5.008416193856853170e+03 1.893375457347643009e-01
5.023518721856851698e+03 1.888281985605479163e-01
5.038606017856854123e+03 1.864620918443847253e-01
5.053678081856853169e+03 1.848767897046707243e-01
5.068734913856851563e+03 1.830215806290023672e-01
5.083776513856852944e+03 1.853336448852997420e-01
5.098802881856852764e+03 1.821883074628318222e-01
5.113814017856854662e+03 1.842645826142118304e-01
5.128809921856854089e+03 1.824069199849126799e-01
5.143790593856852865e+03 1.819789267784959752e-01
5.158756033856853719e+03 1.880209114574853957e-01
5.173706241856852103e+03 1.810937982144848191e-01
5.188641217856853473e+03 1.888388611786431803e-01
5.203560961856852373e+03 1.878624042748299749e-01
5.218465473856852441e+03 1.927909302492100962e-01
5.233354753856854586e+03 1.884402976800861884e-01
5.248228801856852442e+03 1.878358588358119419e-01
5.263087617856853285e+03 1.867836933989354686e-01
5.277931201856853477e+03 1.801629368466613201e-01
5.292759553856851198e+03 1.850766333734931435e-01
5.307572673856853726e+03 1.759269859305463424e-01
5.322370561856852873e+03 1.546029907517507407e-01
5.337153217856854098e+03 1.295645629989535530e-01
5.351920641856853763e+03 1.031173591708967052e-01
5.366672833856851867e+03 1.008119787449377330e-01
5.381409793856852957e+03 1.079087271251738533e-01
5.396131521856851577e+03 1.102517928334602049e-01
5.410838017856853185e+03 1.060241589723914246e-01
5.425529281856853231e+03 1.038678303210715526e-01
5.440205313856852626e+03 1.064195604889927593e-01
5.454866113856854099e+03 1.089231597490526032e-01
5.469511681856852192e+03 1.217284476826893946e-01
5.484142017856854181e+03 1.226494981146632052e-01
5.498757121856853701e+03 1.228051632878402882e-01
5.513356993856852569e+03 1.226829309281653457e-01
5.527941633856853514e+03 1.182266372742349358e-01
5.542511041856851080e+03 1.207405748098000636e-01
5.557065217856855270e+03 1.221369391820157774e-01
5.571604161856853352e+03 1.210461752426515158e-01
5.586127873856851693e+03 1.214500791316956568e-01
5.600636353856853930e+03 1.201111307800115796e-01
5.615129601856851878e+03 1.245720094564534003e-01
5.629607617856852812e+03 1.270642305001744299e-01
5.644070401856853096e+03 1.271201217248359439e-01
5.658517953856852728e+03 1.216256418344543316e-01
5.672950273856854437e+03 1.157800389300014388e-01
5.687367361856852767e+03 1.175021081622850405e-01
5.701769217856854084e+03 1.191603486191301492e-01
5.716155841856853840e+03 1.171156124858465375e-01
5.730527233856852035e+03 1.204329632159452934e-01
5.744883393856852308e+03 1.162474032829308862e-01
5.759224321856851020e+03 1.020878082971633516e-01
5.773550017856854538e+03 9.864545095412598219e-02
5.787860481856853767e+03 8.587702486442336247e-02
5.802155713856852344e+03 8.793765530266883790e-02
5.816435713856852999e+03 9.523459006947070093e-02
5.830700481856852093e+03 1.063642315989824366e-01
5.844950017856854174e+03 1.122253403296268465e-01
5.859184321856853785e+03 1.175617543519636293e-01
5.873403393856851835e+03 1.146119849421163850e-01
5.887607233856853782e+03 1.149464896909115075e-01
5.901795841856852348e+03 1.115683738105615191e-01
5.915969217856854812e+03 9.799626777223909013e-02
5.930127361856852986e+03 8.220055380527432898e-02
5.944270273856851418e+03 8.649331208242395930e-02
5.958397953856853746e+03 7.044955228251341406e-02
5.972510401856851786e+03 6.009582298617269225e-02
5.986607617856853722e+03 6.410596239227633886e-02
6.000689601856854097e+03 6.412054837034893151e-02
6.014756353856852002e+03 6.783127308305904324e-02
6.028807873856853803e+03 8.261052339580056414e-02
6.042844161856852224e+03 1.029857811638539705e-01
6.056865217856853633e+03 1.133864392740052407e-01
6.070871041856853481e+03 1.175551361686828777e-01
6.084861633856851768e+03 1.247042041500907861e-01
6.098836993856853951e+03 1.324928749203569123e-01
6.112797121856851845e+03 1.343430174103280583e-01
6.126742017856853636e+03 1.347555930859362927e-01
6.140671681856853866e+03 1.426953711678216052e-01
6.154586113856852535e+03 1.504216550825784871e-01
6.168485313856853281e+03 1.447715923674661453e-01
6.182369281856851558e+03 1.385647890968468854e-01
6.196238017856853730e+03 1.344296807659052517e-01
6.210091521856854342e+03 1.236940119039449670e-01
6.223929793856853394e+03 1.186785273216123676e-01
6.237752833856853613e+03 1.107147509359534543e-01
6.251560641856852271e+03 1.026114487161007838e-01
6.265353217856853917e+03 9.905287599256078213e-02
6.279130561856853092e+03 9.299616226360662985e-02
6.292892673856850706e+03 9.273625017691637662e-02
6.306639553856854036e+03 9.127291906981135905e-02
6.320371201856853077e+03 8.319541284241976919e-02
6.334087617856853285e+03 9.133167130323815996e-02
6.347788801856853752e+03 9.054817113365683234e-02
6.361474753856851748e+03 7.534634428218177360e-02
6.375145473856853641e+03 7.205830760295141302e-02
6.388800961856852155e+03 7.484386601032369524e-02
6.402441217856852745e+03 6.118974993752462899e-02
6.416066241856853594e+03 5.600463732317216559e-02
6.429676033856852882e+03 4.783263348912294988e-02
6.443270593856853338e+03 5.649546482068237147e-02
6.456849921856851324e+03 5.621272520365322434e-02
6.470414017856854116e+03 5.420368282961288142e-02
6.483962881856853528e+03 5.028859928104961047e-02
6.497496513856852289e+03 3.966435581974100261e-02
6.511014913856853127e+03 3.899932911833780408e-02
6.524518081856852405e+03 2.651518759173717571e-02
6.538006017856854669e+03 3.230430290173316038e-02
6.551478721856854463e+03 2.800185330938138178e-02
6.564936193856852697e+03 3.739426859674416237e-02
6.578378433856853007e+03 4.347592733598402981e-02
6.591805441856851758e+03 4.592305039316505605e-02
6.605217217856853495e+03 5.393190897860052763e-02
6.618613761856853671e+03 6.761958666616768587e-02
6.631995073856852287e+03 8.191957370831327856e-02
6.645361153856853889e+03 8.812717981696914504e-02
6.658712001856852112e+03 9.252659127669903005e-02
6.672047617856853321e+03 9.685013421606876449e-02
6.685368001856852970e+03 9.715265238788305113e-02
6.698673153856851968e+03 9.892905310532823515e-02
6.711963073856853043e+03 9.113700706322545864e-02
6.725237761856853467e+03 9.090453899950691474e-02
6.738497217856854149e+03 1.018545886486531549e-01
6.751741441856853271e+03 1.006381736899569918e-01
6.764970433856852651e+03 1.055089297566492307e-01
6.778184193856853199e+03 1.013371413292963458e-01
6.791382721856851276e+03 1.077861108627590492e-01
6.804566017856853250e+03 1.095921910589872372e-01
6.817734081856852754e+03 1.107575771715594015e-01
6.830886913856852516e+03 1.055023414705426182e-01
6.844024513856853446e+03 1.060236654158760450e-01
6.857146881856851905e+03 1.017289634249480546e-01
6.870254017856852442e+03 9.211916390169996860e-02
6.883345921856854147e+03 8.396411076931248330e-02
6.896422593856852473e+03 8.592071162744738255e-02
6.909484033856852875e+03 8.340947379098398451e-02
6.922530241856852626e+03 9.044381930314750184e-02
6.935561217856853546e+03 8.447017289201250168e-02
6.948576961856852904e+03 8.687187626046906364e-02
6.961577473856851611e+03 8.072590595266730673e-02
6.974562753856853305e+03 7.584458186436932037e-02
6.987532801856852529e+03 7.283504582668497151e-02
7.000487617856853831e+03 6.488272624805518918e-02
7.013427201856852662e+03 6.061243725635491464e-02
7.026351553856852661e+03 5.712947151117204331e-02
7.039260673856852918e+03 5.658017977102521023e-02
7.052154561856851615e+03 4.569681796000793494e-02
7.065033217856853298e+03 4.063773452638977379e-02
7.077896641856853421e+03 4.073725661180400970e-02
7.090744833856851983e+03 4.277768643024349587e-02
7.103577793856853532e+03 5.084836050440279948e-02
7.116395521856852611e+03 6.199535011375017363e-02
7.129198017856853767e+03 7.382867571644786964e-02
7.141985281856852453e+03 7.567116332935831802e-02
7.154757313856852306e+03 7.510001649442507587e-02
7.167514113856853328e+03 7.458897673382727800e-02
7.180255681856851879e+03 7.502177459819553418e-02
7.192982017856853417e+03 9.358743503764048455e-02
7.205693121856853395e+03 9.948313501693303862e-02
7.218388993856851812e+03 1.040916463081773408e-01
7.231069633856853216e+03 1.030524414155655766e-01
7.243735041856852149e+03 1.005014202872065998e-01
7.256385217856854069e+03 1.026292161505816397e-01
7.269020161856853520e+03 1.130637188758788075e-01
7.281639873856852319e+03 1.109570820654904172e-01
7.294244353856854104e+03 1.128122538953738874e-01
7.306833601856852511e+03 1.130214375975082952e-01
7.319407617856853904e+03 1.084213885279576434e-01
7.331966401856852826e+03 1.033367965302046665e-01
7.344509953856852007e+03 9.767487892239883063e-02
7.357038273856853266e+03 9.080476634444345496e-02
7.369551361856852054e+03 9.402137587086488446e-02
7.382049217856852920e+03 1.038300158980218074e-01
7.394531841856854044e+03 1.085706095419981393e-01
7.406999233856852697e+03 1.158702788744413598e-01
7.419451393856853429e+03 1.182457495230185285e-01
7.431888321856851690e+03 1.152730583641261852e-01
7.444310017856853847e+03 1.056014375815897827e-01
7.456716481856853534e+03 1.102773219659178433e-01
7.469107713856851660e+03 1.160291932507583612e-01
7.481483713856852773e+03 1.155711044520452563e-01
7.493844481856852326e+03 1.140826808546445414e-01
7.506190017856853046e+03 1.038390536798699387e-01
7.518520321856853116e+03 9.837151480699921069e-02
7.530835393856852534e+03 9.478451899709447459e-02
7.543135233856854029e+03 9.803761760524772051e-02
7.555419841856852145e+03 1.040855969454077823e-01
7.567689217856853247e+03 1.074115302701976193e-01
7.579943361856853699e+03 1.063177890083424615e-01
7.592182273856852589e+03 1.047641097475477678e-01
7.604405953856853557e+03 9.707146512460289312e-02
7.616614401856852055e+03 9.378530681891136811e-02
7.628807617856854449e+03 8.978330536672358975e-02
7.640985601856853464e+03 8.899963675262410889e-02
7.653148353856851827e+03 9.211544876229359191e-02
7.665295873856853177e+03 8.788700412322111855e-02
7.677428161856852057e+03 7.183007618783217307e-02
7.689545217856853924e+03 6.703095924587094967e-02
7.701647041856853320e+03 5.993804848873670460e-02
7.713733633856852066e+03 5.788045641262577062e-02
7.725804993856853798e+03 5.813239940376325326e-02
7.737861121856852151e+03 5.998304471580558073e-02
7.749902017856853490e+03 6.883989137168763928e-02
7.761927681856853269e+03 6.696027340939236794e-02
7.773938113856852397e+03 6.049711316560491686e-02
7.785933313856853601e+03 5.839884891825520424e-02
7.797913281856852336e+03 6.415358060939219120e-02
7.809878017856854058e+03 6.381641181877374669e-02
7.821827521856853309e+03 5.650155396886639286e-02
7.833761793856851909e+03 5.367764503932300618e-02
7.845680833856853496e+03 5.038232593042247381e-02
7.857584641856852613e+03 3.757220312484804009e-02
7.869473217856853807e+03 3.043185837365077265e-02
7.881346561856853441e+03 3.146700961225116361e-02
7.893204673856852423e+03 3.484082176070842085e-02
7.905047553856854393e+03 5.129747039782601992e-02
7.916875201856852982e+03 6.173798723001778371e-02
7.928687617856853649e+03 5.859999580192726959e-02
7.940484801856852755e+03 6.943159250919860026e-02
7.952266753856852119e+03 7.148765775514259735e-02
7.964033473856853561e+03 7.566490245324258845e-02
7.975784961856852533e+03 7.915022230943913328e-02
7.987521217856853582e+03 7.533835746641641407e-02
7.999242241856853980e+03 7.101318448224494539e-02
8.010948033856851907e+03 6.916496191314167041e-02
8.022638593856853731e+03 6.429239176193278504e-02
8.034313921856852176e+03 4.025749103785110361e-02
8.045974017856853607e+03 3.731769260441179792e-02
8.057618881856853477e+03 3.725329547886738896e-02
8.069248513856853606e+03 4.286821042609145066e-02
8.080862913856853993e+03 4.397170740178355658e-02
8.092462081856851910e+03 4.266275179151170216e-02
8.104046017856853723e+03 4.980749294985264974e-02
8.115614721856853066e+03 4.731627208480287949e-02
8.127168193856853577e+03 4.732147004597424267e-02
8.138706433856853437e+03 4.794981982466212794e-02
8.150229441856852645e+03 6.577981649330016944e-02
8.161737217856853022e+03 8.666849530074623165e-02
8.173229761856853656e+03 9.141070773931618543e-02
8.184707073856853640e+03 9.928692140014741541e-02
8.196169153856853882e+03 1.052780173348076137e-01
8.207616001856851653e+03 1.110146282750811980e-01
8.219047617856853321e+03 1.138324284488917981e-01
8.230464001856853429e+03 1.117959503152516632e-01
8.241865153856853794e+03 1.057363817961044367e-01
8.253251073856852599e+03 1.040828627207052715e-01
8.264621761856851663e+03 1.149847058556144053e-01
8.275977217856852803e+03 1.169189460714652323e-01
8.287317441856852383e+03 1.230380729864545969e-01
8.298642433856854041e+03 1.262321395769519516e-01
8.309952193856854137e+03 1.321654619403213882e-01
8.321246721856852673e+03 1.382823977543682914e-01
8.332526017856853287e+03 1.381487423135656367e-01
8.343790081856852339e+03 1.398462180464789262e-01
8.355038913856853469e+03 1.336877541362873623e-01
8.366272513856853038e+03 1.188250214673533256e-01
8.377490881856851047e+03 1.065570892185702390e-01
8.388694017856854771e+03 9.708238056190660048e-02
8.399881921856853296e+03 8.858376703720424739e-02
8.411054593856853899e+03 8.359281169885059148e-02
8.422212033856852941e+03 7.354658374590636316e-02
8.433354241856852241e+03 6.060930359937478223e-02
8.444481217856853618e+03 6.084201516240823199e-02
8.455592961856853435e+03 5.946031996293586058e-02
8.466689473856853510e+03 5.952035105719124392e-02
8.477770753856853844e+03 6.396775958842830512e-02
8.488836801856852617e+03 5.002109085196366350e-02
8.499887617856853467e+03 4.333979022727763725e-02
8.510923201856852756e+03 4.007268358035184774e-02
8.521943553856854123e+03 4.608229028378618697e-02
8.532948673856853929e+03 4.643925445783672612e-02
8.543938561856852175e+03 4.894440356814910853e-02
8.554913217856854317e+03 4.197084089360168108e-02
8.565872641856853079e+03 5.464008399778150227e-02
8.576816833856853918e+03 7.148835418114712903e-02
8.587745793856853197e+03 7.339424569512259522e-02
8.598659521856852734e+03 7.860001523087375985e-02
8.609558017856854349e+03 7.771294116428573151e-02
8.620441281856852584e+03 7.697328956813595524e-02
8.631309313856854715e+03 7.618821525693295071e-02
8.642162113856853466e+03 7.150668279304282782e-02
8.652999681856852476e+03 6.860767153764578408e-02
8.663822017856853563e+03 6.972672802869943343e-02
8.674629121856853089e+03 6.385674269044919193e-02
8.685420993856852874e+03 5.719632655454581077e-02
8.696197633856852917e+03 4.569074917606490149e-02
8.706959041856851400e+03 4.433366202642141651e-02
8.717705217856853778e+03 3.612045481619381715e-02
8.728436161856852777e+03 2.816736144154103477e-02
8.739151873856853854e+03 1.703339337379615806e-02
8.749852353856853370e+03 1.355079586444650139e-02
8.760537601856851325e+03 1.323237893422651336e-02
8.771207617856853176e+03 1.106376508367309074e-02
8.781862401856853467e+03 3.133565244555545134e-03
8.792501953856854016e+03 -4.058333531102045928e-03
8.803126273856853004e+03 8.608191178714098488e-03
8.813735361856852251e+03 2.306390042739983257e-02
8.824329217856853575e+03 1.207047270242402742e-02
8.834907841856853338e+03 1.405192770737018725e-02
8.845471233856853360e+03 1.475564342026638304e-02
8.856019393856853640e+03 2.416707876032602939e-02
8.866552321856852359e+03 3.157547936335251826e-02
8.877070017856853156e+03 3.541346848314835816e-02
8.887572481856852392e+03 5.255269686157038045e-02
8.898059713856853705e+03 6.674282376058074395e-02
8.908531713856853457e+03 7.380082586122306554e-02
8.918988481856851649e+03 8.086916865105077401e-02
8.929430017856853738e+03 8.714334735391755793e-02
8.939856321856852446e+03 9.506513661598366138e-02
8.950267393856853232e+03 1.036778301303477035e-01
8.960663233856852457e+03 1.000794327483998658e-01
8.971043841856851941e+03 9.484993153629697749e-02
8.981409217856853502e+03 9.204454556864616332e-02
8.991759361856853502e+03 9.065984825865558427e-02
9.002094273856853761e+03 9.218055672114087995e-02
9.012413953856852459e+03 8.458333659373476476e-02
9.022718401856851415e+03 8.083785046591605850e-02
9.033007617856854267e+03 8.253785760625763357e-02
9.043281601856851921e+03 8.443405771535957005e-02
9.053540353856853471e+03 8.021813691444569516e-02
9.063783873856853461e+03 7.712783800098045595e-02
9.074012161856851890e+03 7.673931409604387022e-02
9.084225217856852396e+03 6.408905307335967250e-02
9.094423041856853160e+03 5.343053374008188000e-02
9.104605633856854183e+03 3.810590015696965066e-02
9.114772993856853645e+03 3.274388812303046653e-02
9.124925121856853366e+03 3.251662130158654296e-02
9.135062017856853345e+03 2.742916344305542167e-02
9.145183681856853582e+03 2.569400179100410700e-02
9.155290113856854077e+03 2.719071180473645044e-02
9.165381313856853012e+03 2.994624547688926747e-02
9.175457281856852205e+03 3.367798863583549435e-02
9.185518017856853476e+03 3.206156292822891912e-02
9.195563521856853185e+03 2.339645248234358682e-02
9.205593793856853154e+03 1.985399249991608508e-02
9.215608833856853380e+03 2.218218539552727075e-02
9.225608641856852046e+03 2.897253718418878188e-02
9.235593217856852789e+03 3.242612399147760949e-02
9.245562561856853790e+03 2.975894635270060623e-02
9.255516673856853231e+03 3.225269752881690377e-02
9.265455553856852930e+03 4.105504767055096621e-02
9.275379201856852887e+03 4.703205550570774968e-02
9.285287617856854922e+03 5.570854772580677988e-02
9.295180801856851758e+03 7.200220245040243883e-02
9.305058753856854310e+03 7.730668565755409449e-02
9.314921473856853481e+03 8.112910214491954319e-02
9.324768961856852911e+03 8.174066024695569865e-02
9.334601217856852600e+03 7.409013353266989677e-02
9.344418241856852546e+03 6.961553123232090690e-02
9.354220033856854570e+03 5.246871205613769240e-02
9.364006593856853215e+03 4.135011187091051227e-02
9.373777921856852117e+03 4.081246017030731171e-02
9.383534017856853097e+03 3.837634141958880946e-02
9.393274881856852517e+03 3.528102883670945766e-02
9.403000513856852194e+03 2.967070520358828720e-02
9.412710913856852130e+03 2.345373643358008089e-02
9.422406081856854144e+03 2.803468618455021502e-02
9.432086017856854596e+03 2.510876042008050937e-02
9.441750721856853488e+03 4.042086702364214301e-02
9.451400193856852638e+03 4.709638646200914325e-02
9.461034433856853866e+03 5.433675685323481608e-02
9.470653441856853533e+03 5.709335259626414222e-02
9.480257217856853458e+03 6.056315124239920050e-02
9.489845761856853642e+03 6.091040159071742233e-02
9.499419073856852265e+03 6.126339615251204240e-02
9.508977153856852965e+03 5.997775972306938763e-02
9.518520001856853924e+03 6.073967615587395896e-02
9.528047617856853321e+03 6.599118882350313298e-02
9.537560001856852978e+03 6.408839971543608960e-02
9.547057153856852892e+03 6.751445556624312283e-02
9.556539073856853065e+03 7.101306316762281967e-02
9.566005761856853496e+03 6.456853839608335532e-02
9.575457217856854186e+03 6.539613424547614795e-02
9.584893441856853315e+03 5.929839067266868408e-02
9.594314433856852702e+03 4.351643495328547800e-02
9.603720193856854166e+03 3.902007313552786905e-02
9.613110721856854070e+03 3.316634505833503804e-02
9.622486017856854232e+03 3.377762028677754741e-02
9.631846081856852834e+03 2.944661876360071123e-02
9.641190913856853513e+03 2.791657736535184051e-02
9.650520513856852631e+03 2.751655215717185854e-02
9.659834881856853826e+03 3.104479434091077239e-02
9.669134017856853461e+03 2.730057469101750817e-02
9.678417921856853354e+03 2.771227447773443389e-02
9.687686593856853506e+03 3.078350237453695779e-02
9.696940033856853915e+03 3.173979553750447269e-02
9.706178241856852765e+03 4.022625179600696627e-02
9.715401217856853691e+03 5.178742736793769119e-02
9.724608961856853057e+03 6.075597784287457837e-02
9.733801473856852681e+03 6.575387848219196862e-02
9.742978753856852563e+03 7.307027482591163525e-02
9.752140801856852704e+03 7.556108181660564638e-02
9.761287617856853103e+03 7.432806644424803932e-02
9.770419201856853761e+03 7.961549771006044829e-02
9.779535553856852857e+03 8.647016270967175511e-02
9.788636673856854031e+03 8.136629493339256336e-02
9.797722561856853645e+03 7.057241438947436940e-02
9.806793217856853516e+03 5.943151407879964515e-02
9.815848641856853646e+03 5.378104136889600567e-02
9.824888833856854035e+03 4.596879051894155188e-02
9.833913793856852863e+03 3.906471030254408949e-02
9.842923521856853768e+03 3.549833340322746528e-02
9.851918017856853112e+03 3.854774379910460430e-02
9.860897281856852715e+03 3.150542670243653559e-02
9.869861313856852576e+03 2.470372114783754222e-02
9.878810113856852695e+03 2.724504082888005996e-02
9.887743681856853073e+03 2.854679429152111661e-02
9.896662017856853709e+03 2.346104759121850000e-02
9.905565121856852784e+03 2.253966995792527211e-02
9.914452993856852117e+03 2.191909956981050872e-02
9.923325633856853528e+03 2.047018925883470342e-02
9.932183041856853379e+03 1.825934885858981546e-02
9.941025217856853487e+03 1.235907247595636159e-02
9.949852161856852035e+03 1.972115186483596252e-02
9.958663873856852661e+03 2.680412689263539025e-02
9.967460353856853544e+03 3.577007295732397701e-02
9.976241601856852867e+03 4.446029802032092082e-02
9.985007617856852448e+03 5.131265569853007275e-02
9.993758401856852288e+03 6.260756217838230053e-02
1.000249395385685420e+04 7.707361794104858332e-02
1.001121427385685274e+04 8.322326186431590334e-02
1.001991936185685336e+04 8.955133929771477708e-02
1.002860921785685423e+04 9.224942898544163938e-02
1.003728384185685354e+04 8.986098769927521046e-02
1.004594323385685311e+04 7.967752564059434051e-02
1.005458739385685294e+04 7.071447988723530975e-02
1.006321632185685303e+04 6.169923554970425938e-02
1.007183001785685337e+04 5.735103991100903159e-02
1.008042848185685216e+04 5.439875257904146222e-02
1.008901171385685302e+04 5.642905317645349750e-02
1.009757971385685232e+04 5.375250944346824516e-02
1.010613248185685370e+04 5.459282791106093852e-02
1.011467001785685352e+04 6.455589993358228085e-02
1.012319232185685178e+04 6.290186868052431712e-02
1.013169939385685393e+04 6.574882763795918128e-02
1.014019123385685452e+04 6.877833223635056170e-02
1.014866784185685356e+04 6.378552875814434697e-02
1.015712921785685285e+04 7.137212841725602830e-02
1.016557536185685240e+04 6.240233625015272761e-02
1.017400627385685220e+04 6.240422351666607970e-02
1.018242195385685409e+04 6.043744314129100015e-02
1.019082240185685441e+04 6.540444562038034981e-02
1.019920761785685318e+04 6.747807652313561610e-02
1.020757760185685402e+04 7.854669955156332040e-02
1.021593235385685330e+04 8.648598379119683266e-02
1.022427187385685465e+04 8.248445232309767339e-02
1.023259616185685445e+04 8.024355350014494848e-02
1.024090521785685269e+04 7.980552748959700293e-02
1.024919904185685300e+04 7.528301411571121371e-02
1.025747763385685357e+04 6.419233446153134459e-02
1.026574099385685258e+04 5.751778622058976304e-02
1.027398912185685367e+04 5.680889947745846463e-02
1.028222201785685320e+04 5.780203677938113016e-02
1.029043968185685299e+04 4.873295780012237149e-02
1.029864211385685303e+04 4.472299844311550948e-02
1.030682931385685333e+04 5.635893483986389313e-02
1.031500128185685389e+04 6.756186258479818241e-02
1.032315801785685289e+04 8.127214671278351621e-02
1.033129952185685397e+04 8.803248341763297846e-02
1.033942579385685167e+04 8.998546469600887665e-02
1.034753683385685326e+04 8.963158174642983644e-02
1.035563264185685330e+04 8.420249272493852966e-02
1.036371321785685359e+04 7.368282259680154767e-02
1.037177856185685232e+04 6.649926998799290945e-02
1.037982867385685313e+04 5.945880954312070255e-02
1.038786355385685238e+04 5.526571508033945729e-02
1.039588320185685370e+04 4.561384333119803541e-02
1.040388761785685347e+04 2.563137426991234785e-02
1.041187680185685167e+04 3.148899424274763381e-02
1.041985075385685377e+04 3.272010757930653851e-02
1.042780947385685431e+04 2.951275717761498926e-02
1.043575296185685329e+04 2.847406249390882493e-02
1.044368121785685435e+04 2.471204350043088374e-02
1.045159424185685202e+04 2.280268532551875046e-02
1.045949203385685360e+04 2.404852251944972902e-02
1.046737459385685361e+04 1.488903202358535238e-02
1.047524192185685388e+04 1.686825232983645353e-02
1.048309401785685441e+04 1.932485734397068958e-02
1.049093088185685338e+04 1.324817238505108553e-02
1.049875251385685260e+04 1.325645879745169023e-02
1.050655891385685391e+04 1.434842700444554676e-02
1.051435008185685365e+04 1.708033934772170553e-02
1.052212601785685365e+04 1.550260810574287905e-02
1.052988672185685209e+04 1.655488120054420670e-02
1.053763219385685261e+04 1.812408856501315779e-02
1.054536243385685339e+04 2.361117952655540295e-02
1.055307744185685260e+04 2.813520313994469918e-02
1.056077721785685389e+04 3.860404646930917089e-02
1.056846176185685363e+04 3.971709116778308207e-02
1.057613107385685362e+04 3.694333742493260964e-02
1.058378515385685387e+04 4.128933379247938518e-02
1.059142400185685437e+04 4.394635215632058250e-02
1.059904761785685332e+04 4.258145222916861344e-02
1.060665600185685253e+04 3.910230051605218665e-02
1.061424915385685381e+04 3.057482284372090714e-02
1.062182707385685353e+04 2.153020324180994483e-02
1.062938976185685351e+04 7.820938496210733462e-03
1.063693721785685375e+04 5.674251050492812136e-04
1.064446944185685243e+04 3.123814764346869582e-03
1.065198643385685318e+04 1.606732071901984676e-04
1.065948819385685420e+04 -3.831072944475559430e-03
1.066697472185685365e+04 -6.002378024691890079e-03
1.067444601785685336e+04 -8.269535122578195591e-03
1.068190208185685333e+04 -7.913812433945640809e-03
1.068934291385685356e+04 -8.465221517798656370e-04
1.069676851385685404e+04 7.205912090239528604e-03
1.070417888185685297e+04 1.707808645593609370e-02
1.071157401785685397e+04 2.527783965538572819e-02
1.071895392185685341e+04 3.010621523350437423e-02
1.072631859385685311e+04 3.806302915088796007e-02
1.073366803385685307e+04 4.645240423818618181e-02
1.074100224185685329e+04 5.727964948416688906e-02
1.074832121785685376e+04 6.729461830230182295e-02
1.075562496185685268e+04 7.467110075744788633e-02
1.076291347385685367e+04 6.948976891147333468e-02
1.077018675385685310e+04 6.332221291776345129e-02
1.077744480185685279e+04 5.746208524738836282e-02
1.078468761785685274e+04 4.339602083703208296e-02
1.079191520185685295e+04 4.276991713644684445e-02
1.079912755385685341e+04 4.236390195709354572e-02
1.080632467385685413e+04 3.672153466939481747e-02
1.081350656185685330e+04 3.244435486293812537e-02
1.082067321785685272e+04 2.598747792702234619e-02
1.082782464185685239e+04 2.283278614809628251e-02
1.083496083385685233e+04 1.996016133746826224e-02
1.084208179385685435e+04 2.005181106749588660e-02
1.084918752185685298e+04 2.123759306397475163e-02
1.085627801785685369e+04 2.894758438922385990e-02
1.086335328185685285e+04 2.586845852413719241e-02
1.087041331385685226e+04 2.251797052314978217e-02
1.087745811385685374e+04 1.681114134358826021e-02
1.088448768185685367e+04 7.571985125963429618e-03
1.089150201785685385e+04 1.060989902429241606e-03
1.089850112185685248e+04 6.812459878851317117e-03
1.090548499385685318e+04 1.273609476437641101e-02
1.091245363385685414e+04 1.368328166871620420e-02
1.091940704185685354e+04 9.616309365633622305e-03
1.092634521785685320e+04 1.412213677032474884e-02
1.093326816185685311e+04 1.317134930348350975e-02
1.094017587385685329e+04 1.199492948322368122e-02
1.094706835385685372e+04 1.862421869000574493e-02
1.095394560185685259e+04 3.389471426962728517e-02
1.096080761785685354e+04 5.067322644411897947e-02
1.096765440185685293e+04 6.552374472711391951e-02
1.097448595385685257e+04 7.772432259889054673e-02
1.098130227385685430e+04 8.627944025422210061e-02
1.098810336185685264e+04 9.179431987856324915e-02
1.099488921785685307e+04 8.192942514701834211e-02
1.100165984185685375e+04 7.782599459428370114e-02
1.100841523385685286e+04 7.223631243581278560e-02
1.101515539385685406e+04 5.968232117268476578e-02
1.102188032185685370e+04 5.014462822842775253e-02
1.102859001785685359e+04 4.460599126904368772e-02
1.103528448185685374e+04 3.179793837569785259e-02
1.104196371385685234e+04 2.167974216019391900e-02
1.104862771385685301e+04 8.345655629748338980e-03
1.105527648185685393e+04 -3.167171261916722561e-03
1.106191001785685330e+04 3.635030626497700104e-03
1.106852832185685293e+04 6.442104475002383493e-03
1.107513139385685281e+04 6.377386172867517689e-03
1.108171923385685295e+04 5.482579690590272045e-03
1.108829184185685335e+04 3.759882891030519314e-03
1.109484921785685219e+04 -5.628862041679239588e-04
1.110139136185685311e+04 -7.182639405226855754e-03
1.110791827385685247e+04 -6.613645416566739897e-03
1.111442995385685390e+04 -4.479710312796873935e-03
1.112092640185685377e+04 5.783139353553157745e-03
1.112740761785685390e+04 1.628839801905117984e-02
1.113387360185685247e+04 2.240667701086300825e-02
1.114032435385685312e+04 3.116184824738842812e-02
1.114675987385685403e+04 4.455313501714364827e-02
1.115318016185685337e+04 4.899704026477314650e-02
1.115958521785685298e+04 4.853041851397739415e-02
1.116597504185685284e+04 5.882316980302504383e-02
1.117234963385685296e+04 7.060677495682651794e-02
1.117870899385685334e+04 7.765042226197337027e-02
1.118505312185685398e+04 7.884811850619109774e-02
1.119138201785685305e+04 6.205052936187487739e-02
1.119769568185685239e+04 5.718984143109797497e-02
1.120399411385685380e+04 5.536324713485595711e-02
1.121027731385685365e+04 5.178648910214541518e-02
1.121654528185685376e+04 4.640596533251169914e-02
1.122279801785685413e+04 4.347656259771618542e-02
1.122903552185685294e+04 3.333706108869888968e-02
1.123525779385685382e+04 2.969647919299704328e-02
1.124146483385685315e+04 2.510220062968725185e-02
1.124765664185685273e+04 3.050093997528912845e-02
1.125383321785685257e+04 3.247368161331241898e-02
1.125999456185685267e+04 3.223235157520516758e-02
1.126614067385685303e+04 2.287004658357494336e-02
1.127227155385685364e+04 1.284203522913121738e-02
1.127838720185685270e+04 1.458578756083760142e-02
1.128448761785685383e+04 2.400404848476282021e-02
1.129057280185685340e+04 3.542210183339353224e-02
1.129664275385685323e+04 3.303172421588539132e-02
1.130269747385685332e+04 3.390086716367252118e-02
1.130873696185685367e+04 3.611553799405661791e-02
1.131476121785685245e+04 4.569855397240431966e-02
1.132077024185685332e+04 4.140418879079132974e-02
1.132676403385685262e+04 3.942169337359374692e-02
1.133274259385685400e+04 3.514961577886017985e-02
1.133870592185685382e+04 3.528592256754324585e-02
1.134465401785685390e+04 3.510198178990824036e-02
1.135058688185685241e+04 3.525622310054950942e-02
1.135650451385685301e+04 3.184759990979476457e-02
1.136240691385685386e+04 2.802461116504663396e-02
1.136829408185685315e+04 3.062884512563648562e-02
1.137416601785685270e+04 3.767682339696541011e-02
1.138002272185685251e+04 4.961494549644238083e-02
1.138586419385685258e+04 5.394348341168513083e-02
1.139169043385685291e+04 6.441106247369490778e-02
1.139750144185685349e+04 6.575216837805832049e-02
1.140329721785685251e+04 6.294877440196790241e-02
1.140907776185685361e+04 6.128529166557800112e-02
1.141484307385685315e+04 6.383460608440666428e-02
1.142059315385685295e+04 6.162343397815724100e-02
1.142632800185685301e+04 5.721425023358182177e-02
1.143204761785685332e+04 4.465094649026702528e-02
1.143775200185685389e+04 3.590759776191679298e-02
1.144344115385685291e+04 3.048105521982220206e-02
1.144911507385685400e+04 2.726058368187788544e-02
1.145477376185685353e+04 2.321306155118110087e-02
1.146041721785685331e+04 2.075031435389879109e-02
1.146604544185685336e+04 2.172563787852792999e-02
1.147165843385685366e+04 2.491005347828364677e-02
1.147725619385685422e+04 3.262416859433697747e-02
1.148283872185685323e+04 2.471546396627918862e-02
1.148840601785685431e+04 2.980727873585150428e-02
1.149395808185685382e+04 2.890708531504575934e-02
1.149949491385685360e+04 2.841519614170226471e-02
1.150501651385685363e+04 2.615217359253095911e-02
1.151052288185685393e+04 2.195991794271141481e-02
1.151601401785685266e+04 6.468665411145054812e-03
1.152148992185685347e+04 -4.119036619833187237e-04
1.152695059385685272e+04 -1.442804067687765337e-03
1.153239603385685405e+04 3.624282978543480992e-03
1.153782624185685381e+04 1.848142997806885568e-02
1.154324121785685384e+04 3.532817499007055717e-02
1.154864096185685412e+04 4.199845699572900964e-02
1.155402547385685284e+04 4.474458959880742159e-02
1.155939475385685364e+04 5.414240421346980942e-02
1.156474880185685288e+04 6.107175332288435066e-02
1.157008761785685419e+04 6.165756596966976560e-02
1.157541120185685395e+04 5.853545091830571895e-02
1.158071955385685396e+04 5.324770993258376439e-02
1.158601267385685424e+04 4.609298235688504691e-02
1.159129056185685295e+04 4.880065752993022893e-02
1.159655321785685373e+04 4.898219874635559301e-02
1.160180064185685296e+04 4.331893147821958001e-02
1.160703283385685245e+04 3.725730094010200333e-02
1.161224979385685401e+04 3.001772175212136587e-02
1.161745152185685401e+04 2.685933268687235032e-02
1.162263801785685428e+04 3.411622192041974949e-02
1.162780928185685298e+04 3.362798984937228480e-02
1.163296531385685375e+04 3.448910700952896591e-02
1.163810611385685297e+04 2.391986024640825603e-02
1.164323168185685427e+04 1.895441892752462373e-02
1.164834201785685400e+04 1.460521193652024319e-02
1.165343712185685399e+04 1.210033133031843122e-02
1.165851699385685242e+04 8.331531982447761692e-03
1.166358163385685293e+04 5.691946475692968334e-03
1.166863104185685370e+04 -7.587593060870991522e-04
1.167366521785685291e+04 -7.581801699214418995e-03
1.167868416185685419e+04 -1.137756441212730597e-02
1.168368787385685391e+04 -9.006657562278294615e-03
1.168867635385685389e+04 4.836524083571339117e-03
1.169364960185685413e+04 5.750966434980701349e-03
1.169860761785685281e+04 4.783932927616096203e-03
1.170355040185685357e+04 4.114456113307470020e-03
1.170847795385685276e+04 1.788790169604016116e-03
1.171339027385685404e+04 -8.662704677559770030e-04
1.171828736185685375e+04 1.183899900034659190e-03
1.172316921785685372e+04 4.389287114010166288e-03
1.172803584185685395e+04 9.776612150539572624e-03
1.173288723385685262e+04 1.328532832631868638e-02
1.173772339385685336e+04 1.328490452360467020e-02
1.174254432185685255e+04 1.727827209613330001e-02
1.174735001785685381e+04 2.267597656206452386e-02
1.175214048185685351e+04 2.896767132684013174e-02
1.175691571385685347e+04 3.489199909886506190e-02
1.176167571385685369e+04 4.060731062618828241e-02
1.176642048185685417e+04 4.738329152402243755e-02
1.177115001785685308e+04 4.583914184341023740e-02
1.177586432185685408e+04 4.502750500340420292e-02
1.178056339385685351e+04 4.103851860080329206e-02
1.178524723385685320e+04 3.014300861805448151e-02
1.178991584185685315e+04 2.867028288126068775e-02
1.179456921785685336e+04 3.122724908897353546e-02
1.179920736185685382e+04 3.441629325529616673e-02
1.180383027385685273e+04 3.975039641113186500e-02
1.180843795385685371e+04 4.413643715593757594e-02
1.181303040185685313e+04 4.620760289590689074e-02
1.181760761785685281e+04 4.534946263890123064e-02
1.182216960185685275e+04 4.746653446905519519e-02
1.182671635385685295e+04 4.655858108040390048e-02
1.183124787385685340e+04 4.751985862024914881e-02
1.183576416185685412e+04 4.884450639062642985e-02
1.184026521785685327e+04 5.346078113851012586e-02
1.184475104185685268e+04 5.488340029842753154e-02
1.184922163385685417e+04 5.335526834089543424e-02
1.185367699385685410e+04 5.020837148834730868e-02
1.185811712185685246e+04 4.344581873793221249e-02
1.186254201785685291e+04 4.016706192040064155e-02
1.186695168185685361e+04 3.356244588814943919e-02
1.187134611385685275e+04 3.452683121385347748e-02
1.187572531385685397e+04 3.927157265128591868e-02
1.188008928185685363e+04 4.147423426056923851e-02
1.188443801785685355e+04 2.413962583809630552e-02
1.188877152185685372e+04 1.876450251632831925e-02
1.189308979385685416e+04 1.620711940456513039e-02
1.189739283385685303e+04 2.244234823529083975e-02
1.190168064185685398e+04 3.495504602635665647e-02
1.190595321785685337e+04 4.562121428618503421e-02
1.191021056185685302e+04 5.137299339983713437e-02
1.191445267385685293e+04 5.507722819134398817e-02
1.191867955385685309e+04 5.540433694894270067e-02
1.192289120185685351e+04 4.829714327532269591e-02
1.192708761785685419e+04 6.206123481154556670e-02
1.193126880185685332e+04 6.899837819427998009e-02
1.193543475385685269e+04 7.630598674015005856e-02
1.193958547385685233e+04 8.262761380112094989e-02
1.194372096185685405e+04 8.202616988470598502e-02
1.194784121785685420e+04 8.548827206902137599e-02
1.195194624185685279e+04 9.502488392241070780e-02
1.195603603385685346e+04 1.047480700646374052e-01
1.196011059385685257e+04 1.115772655866379137e-01
1.196416992185685376e+04 1.187701141013736417e-01
1.196821401785685339e+04 1.225441548490073251e-01
1.197224288185685327e+04 1.242895299103716350e-01
1.197625651385685342e+04 1.242626925286815648e-01
1.198025491385685382e+04 1.264406892041235464e-01
1.198423808185685266e+04 1.286462913301840705e-01
1.198820601785685358e+04 1.289732409647749434e-01
1.199215872185685294e+04 1.265632120523018100e-01
1.199609619385685255e+04 1.228946798897339737e-01
1.200001843385685243e+04 1.239797410735381938e-01
1.200392544185685256e+04 1.323586131178473846e-01
1.200781721785685295e+04 1.291495015239048361e-01
1.201169376185685360e+04 1.228581852060803281e-01
1.201555507385685269e+04 1.207150908720270310e-01
1.201940115385685385e+04 1.193386729159250925e-01
1.202323200185685346e+04 1.198067563753783815e-01
1.202704761785685332e+04 1.197658933317163055e-01
1.203084800185685344e+04 1.202289919704868509e-01
1.203463315385685382e+04 1.143769890081501595e-01
1.203840307385685264e+04 1.156303296717288570e-01
1.204215776185685354e+04 1.267391080753366706e-01
1.204589721785685288e+04 1.471781039274037417e-01
1.204962144185685247e+04 1.580726833525310793e-01
1.205333043385685414e+04 1.709177233899489001e-01
1.205702419385685243e+04 1.835827637463762207e-01
1.206070272185685280e+04 1.980843081699081576e-01
1.206436601785685343e+04 2.124310495241589214e-01
1.206801408185685250e+04 2.190691582269951865e-01
1.207164691385685364e+04 2.235120458548484901e-01
1.207526451385685323e+04 2.278484886336072934e-01
1.207886688185685307e+04 2.306050111650720380e-01
1.208245401785685317e+04 2.407154300228128152e-01
1.208602592185685353e+04 2.459859521657439818e-01
1.208958259385685415e+04 2.435968113219125486e-01
1.209312403385685320e+04 2.400323057240258406e-01
1.209665024185685252e+04 2.376543778095552839e-01
1.210016121785685391e+04 2.354132324776975205e-01
1.210365696185685374e+04 2.360736785777070024e-01
1.210713747385685383e+04 2.375051544514825419e-01
1.211060275385685418e+04 2.338627790451420219e-01
1.211405280185685297e+04 2.259157613207322390e-01
1.211748761785685383e+04 2.046694975517540926e-01
1.212090720185685313e+04 1.990733488660758888e-01
1.212431155385685270e+04 1.957792887289889761e-01
1.212770067385685252e+04 1.917295129214178218e-01
1.213107456185685260e+04 1.897447650642942740e-01
1.213443321785685293e+04 1.821583684471069220e-01
1.213777664185685353e+04 1.805133386236082160e-01
1.214110483385685257e+04 1.880178280525154344e-01
1.214441779385685368e+04 1.874835696959123166e-01
1.214771552185685323e+04 1.843482991071861976e-01
1.215099801785685304e+04 1.893134681596345958e-01
1.215426528185685311e+04 1.887086601904969796e-01
1.215751731385685343e+04 1.884565261602737241e-01
1.216075411385685402e+04 1.921579349312221296e-01
1.216397568185685304e+04 1.968813610791596835e-01
1.216718201785685415e+04 2.000275908966693272e-01
1.217037312185685369e+04 2.119094207499300497e-01
1.217354899385685349e+04 2.245050708291754515e-01
1.217670963385685354e+04 2.295604041127796424e-01
1.217985504185685386e+04 2.407760373821322686e-01
1.218298521785685261e+04 2.382967835696259418e-01
1.218610016185685345e+04 2.401143016206812586e-01
1.218919987385685272e+04 2.322578330306578065e-01
1.219228435385685407e+04 2.226852819766650671e-01
1.219535360185685386e+04 2.149267181129532744e-01
1.219840761785685390e+04 2.035769385804971632e-01
1.220144640185685239e+04 1.904940104398778200e-01
1.220446995385685295e+04 1.869536047057149819e-01
1.220747827385685378e+04 1.693804464878023441e-01
1.221047136185685304e+04 1.592751904084120373e-01
1.221344921785685256e+04 1.503839259086269253e-01
1.221641184185685415e+04 1.466946213861203829e-01
1.221935923385685419e+04 1.376832064660729882e-01
1.222229139385685266e+04 1.194895820370478340e-01
1.222520832185685322e+04 9.941442757256314933e-02
1.222811001785685403e+04 8.283268824752973436e-02
1.223099648185685328e+04 7.604694618813430396e-02
1.223386771385685279e+04 7.066316163751543145e-02
1.223672371385685256e+04 6.317518964742821486e-02
1.223956448185685258e+04 6.992611346684665663e-02
1.224239001785685286e+04 1.056295403566804569e-01
1.224520032185685341e+04 1.191856063436428914e-01
1.224799539385685421e+04 1.345043967053228540e-01
1.225077523385685345e+04 1.507701359907641092e-01
1.225353984185685295e+04 1.612800402555383261e-01
1.225628921785685270e+04 1.584084946988200404e-01
1.225902336185685272e+04 1.519926847760845190e-01
1.226174227385685299e+04 1.521927758354155724e-01
1.226444595385685352e+04 1.624149405295286508e-01
1.226713440185685249e+04 1.693955026654924145e-01
1.226980761785685354e+04 1.699476966079780660e-01
1.227246560185685303e+04 1.707978211631804022e-01
1.227510835385685277e+04 1.782848326899524327e-01
1.227773587385685278e+04 1.858677226124355319e-01
1.228034816185685304e+04 1.969153569709113372e-01
1.228294521785685356e+04 1.872621385304980013e-01
1.228552704185685252e+04 1.817803539572377947e-01
1.228809363385685356e+04 1.784464192122103832e-01
1.229064499385685303e+04 1.724691474041489259e-01
1.229318112185685277e+04 1.576276353370212047e-01
1.229570201785685276e+04 1.252297708102476925e-01
1.229820768185685301e+04 1.220107057789798360e-01
1.230069811385685352e+04 1.077594629739978965e-01
1.230317331385685247e+04 8.915189216081911838e-02
1.230563328185685350e+04 7.518926577769241559e-02
1.230807801785685297e+04 7.136734980660570937e-02
1.231050752185685269e+04 6.560316983952038661e-02
1.231292179385685267e+04 6.346444299146571100e-02
1.231532083385685291e+04 6.092010261074952415e-02
1.231770464185685341e+04 4.343153042167985367e-02
1.232007321785685417e+04 4.263701684911293949e-02
1.232242656185685337e+04 2.638689565735279768e-02
1.232476467385685282e+04 1.257785036643104849e-02
1.232708755385685254e+04 -1.650419010893632108e-03
1.232939520185685251e+04 -1.281956985411908563e-02
1.233168761785685274e+04 -2.070118924716878722e-02
1.233396480185685323e+04 -2.919056987816751048e-02
1.233622675385685397e+04 -3.449086612741749519e-02
1.233847347385685316e+04 -3.364772754022214013e-02
1.234070496185685261e+04 -1.567201071120401940e-02
1.234292121785685413e+04 5.583667215212171492e-03
1.234512224185685409e+04 1.562410737578288737e-02
1.234730803385685249e+04 2.371872057484313359e-02
1.234947859385685297e+04 2.949618301430285278e-02
1.235163392185685370e+04 2.901567350780099794e-02
1.235377401785685288e+04 3.346761841210716543e-02
1.235589888185685413e+04 3.595488181569262559e-02
1.235800851385685382e+04 3.596657978373165448e-02
1.236010291385685377e+04 3.757874141184228134e-02
1.236218208185685398e+04 4.337094249873605506e-02
1.236424601785685263e+04 3.783795930797674567e-02
1.236629472185685336e+04 4.604420901022154844e-02
1.236832819385685252e+04 5.280970397710525732e-02
1.237034643385685376e+04 5.795086936274806283e-02
1.237234944185685345e+04 6.245049326328185740e-02
1.237433721785685339e+04 6.690796149666082548e-02
1.237630976185685358e+04 6.980816554331494006e-02
1.237826707385685404e+04 7.153933868007623931e-02
1.238020915385685294e+04 6.862673006083538918e-02
1.238213600185685391e+04 5.798621062685696548e-02
1.238404761785685332e+04 4.871877956242451346e-02
1.238594400185685299e+04 4.038360755168399902e-02
1.238782515385685292e+04 2.759725327360752420e-02
1.238969107385685311e+04 1.276042910822195939e-02
1.239154176185685355e+04 -4.831503614004362991e-03
1.239337721785685244e+04 -1.635021840161465095e-02
1.239519744185685340e+04 -2.514360424681694531e-02
1.239700243385685280e+04 -2.976928857782505308e-02
1.239879219385685246e+04 -2.694893619536126855e-02
1.240056672185685238e+04 -2.125791427154056709e-02
1.240232601785685256e+04 -1.979845829932098261e-02
1.240407008185685299e+04 -1.371986962236604150e-02
1.240579891385685369e+04 -3.858115063510742741e-03
1.240751251385685282e+04 5.224092324652633394e-03
1.240921088185685403e+04 1.449251737077721786e-02
1.241089401785685368e+04 2.536918199219258263e-02
1.241256192185685359e+04 3.347291551261172282e-02
1.241421459385685375e+04 4.113501196416968070e-02
1.241585203385685418e+04 4.578579375370982196e-02
1.241747424185685304e+04 4.675909880535417118e-02
1.241908121785685398e+04 3.278331470783590190e-02
1.242067296185685336e+04 3.087993298464171768e-02
1.242224947385685300e+04 2.896855420564495645e-02
1.242381075385685290e+04 2.732434145416738971e-02
1.242535680185685305e+04 2.570328080942968149e-02
1.242688761785685347e+04 2.296599044692365643e-02
1.242840320185685414e+04 1.930993329839932049e-02
1.242990355385685325e+04 1.447273647244982746e-02
1.243138867385685262e+04 1.328986015170121465e-02
1.243285856185685407e+04 1.053891422716944637e-02
1.243431321785685395e+04 4.657646905127613146e-03
1.243575264185685410e+04 2.701470217020993277e-03
1.243717683385685268e+04 -1.165623941095521489e-04
1.243858579385685334e+04 -5.330757732425010602e-03
1.243997952185685244e+04 -6.211106990227317770e-03
1.244135801785685362e+04 -5.534854094832974448e-03
1.244272128185685324e+04 -5.558504008574088190e-03
1.244406931385685311e+04 -4.866198813992298443e-03
1.244540211385685325e+04 -3.220200892942661104e-03
1.244671968185685364e+04 1.127677727886227960e-03
1.244802201785685247e+04 9.127745115856908745e-03
1.244930912185685338e+04 6.756510579591318809e-03
1.245058099385685273e+04 4.461765224777832113e-03
1.245183763385685415e+04 7.112492645367863089e-03
1.245307904185685402e+04 1.175814276370953579e-02
1.245430521785685414e+04 1.674058447653558462e-02
1.245551616185685270e+04 2.131827842964964526e-02
1.245671187385685334e+04 8.604048975174154526e-03
1.245789235385685242e+04 -5.833872039090448255e-03
1.245905760185685358e+04 -1.656044868846289625e-02
1.246020761785685318e+04 -1.498968676227068787e-02
1.246134240185685303e+04 -1.827574383197989177e-02
1.246246195385685314e+04 -1.838380468802717008e-02
1.246356627385685351e+04 -1.844349339528533055e-02
1.246465536185685414e+04 -1.837625578583837807e-02
1.246572921785685321e+04 -1.881100420686728988e-02
1.246678784185685254e+04 -2.034703618918469459e-02
1.246783123385685394e+04 -2.307240112441781912e-02
1.246885939385685379e+04 -2.726608032833398310e-02
1.246987232185685389e+04 -2.689211749733587398e-02
1.247087001785685243e+04 -2.603214139117347031e-02
1.247185248185685305e+04 -3.056282341685168102e-02
1.247281971385685392e+04 -3.695872469750652312e-02
1.247377171385685324e+04 -4.410086551436419311e-02
1.247470848185685281e+04 -5.156074311521324088e-02
1.247563001785685265e+04 -5.480446060836263039e-02
1.247653632185685274e+04 -5.003072017712279634e-02
1.247742739385685309e+04 -4.369955286115870946e-02
1.247830323385685369e+04 -3.516532143489817241e-02
1.247916384185685274e+04 -2.225698100218292605e-02
1.248000921785685387e+04 -9.559445359995488029e-03
1.248083936185685343e+04 -3.635558632445909334e-04
1.248165427385685325e+04 9.057750513182014074e-03
1.248245395385685333e+04 1.891993054897991855e-02
1.248323840185685367e+04 2.760144945463536767e-02
1.248400761785685245e+04 3.506291929073362956e-02
1.248476160185685330e+04 3.952528034533062118e-02
1.248550035385685260e+04 4.122625864256276862e-02
1.248622387385685397e+04 3.911586951901303844e-02
1.248693216185685378e+04 3.184171684106035238e-02
1.248762521785685385e+04 3.288441401079689186e-02
1.248830304185685418e+04 3.079640138284099951e-02
1.248896563385685295e+04 2.866419418704803379e-02
1.248961299385685379e+04 1.698144848984426206e-02
1.249024512185685307e+04 5.273953840106313136e-03
1.249086201785685262e+04 -6.955103249971613527e-03
1.249146368185685242e+04 -1.989321531124989620e-02
1.249205011385685248e+04 -3.272780607605267622e-02
1.249262131385685279e+04 -3.710148593898199981e-02
1.249317728185685337e+04 -4.057836473762089363e-02
1.249371801785685420e+04 -3.739414244728264669e-02
1.249424352185685348e+04 -2.814890650617435722e-02
1.249475379385685301e+04 -1.890745213147047854e-02
1.249524883385685280e+04 -9.632331543566848703e-03
1.249572864185685285e+04 1.471450453395020111e-04
1.249619321785685315e+04 1.007433173005087799e-02
1.249664256185685372e+04 1.929186964322966713e-02
1.249707667385685272e+04 2.153498698185263294e-02
1.249749555385685380e+04 2.326014344347602375e-02
1.249789920185685332e+04 2.392926701350869823e-02
1.249828761785685310e+04 1.778036122117218273e-02
1.249866080185685314e+04 1.665135489020736978e-02
1.249901875385685344e+04 1.554494088041662517e-02
1.249936147385685399e+04 1.457612398949733636e-02
1.249968896185685298e+04 1.216922166566905550e-02
1.250000121785685405e+04 3.701169001518575009e-03
1.250029824185685356e+04 -5.246604487986967873e-03
1.250058003385685333e+04 -1.452935520466728386e-02
1.250084659385685336e+04 -2.467232485066804537e-02
1.250109792185685365e+04 -3.642113393926949688e-02
1.250133401785685419e+04 -7.178778306364595740e-02
1.250155488185685317e+04 -6.758476003952609834e-02
1.250176051385685241e+04 -6.336409030879439075e-02
1.250195091385685373e+04 -5.914005049594448643e-02
1.250212608185685349e+04 -5.491428102946202539e-02
1.250228601785685350e+04 -5.067569552932134347e-02
1.250243072185685378e+04 -4.646709743534258724e-02
1.250256019385685249e+04 -4.223929680477756660e-02
1.250267443385685328e+04 -3.801858421866706472e-02
1.250277344185685251e+04 -3.380269790375860228e-02
1.250285721785685382e+04 -2.958034905578385901e-02
1.250292576185685357e+04 -2.366427924462708929e-02
1.250297907385685357e+04 -1.774820943347031957e-02
1.250301715385685384e+04 -1.183213962231354464e-02
1.250304000185685254e+04 -5.916069811156772322e-03
1.250304761785685332e+04 -0.000000000000000000e+00
