 130.00000  5.00000000e+00  4.50000000e+00
 130.10000  4.00000000e+00  4.00000000e+00
 130.20000  4.00000000e+00  3.00000000e+00
 130.30000  2.00000000e+00  2.00000000e+00
 130.40000  2.00000000e+00  2.00000000e+00
 130.50000  2.00000000e+00  2.50000000e+00
 130.60000  3.00000000e+00  2.00000000e+00
 130.70000  1.00000000e+00  2.50000000e+00
 130.80000  4.00000000e+00  3.50000000e+00
 130.90000  3.00000000e+00  3.50000000e+00
 131.00000  4.00000000e+00  3.50000000e+00
 131.10000  3.00000000e+00  3.00000000e+00
 131.20000  3.00000000e+00  2.00000000e+00
 131.30000  1.00000000e+00  3.00000000e+00
 131.40000  5.00000000e+00  4.50000000e+00
 131.50000  4.00000000e+00  4.00000000e+00
 131.60000  4.00000000e+00  3.50000000e+00
 131.70000  3.00000000e+00  2.00000000e+00
 131.80000  1.00000000e+00  1.00000000e+00
 131.90000  1.00000000e+00  1.50000000e+00
 132.00000  2.00000000e+00  2.00000000e+00
 132.10000  2.00000000e+00  1.50000000e+00
 132.20000  1.00000000e+00  1.50000000e+00
 132.30000  2.00000000e+00  2.50000000e+00
 132.40000  3.00000000e+00  2.00000000e+00
 132.50000  1.00000000e+00  1.50000000e+00
 132.60000  2.00000000e+00  4.00000000e+00
 132.70000  6.00000000e+00  4.00000000e+00
 132.80000  2.00000000e+00  2.50000000e+00
 132.90000  3.00000000e+00  2.50000000e+00
 133.00000  2.00000000e+00  2.50000000e+00
 133.10000  3.00000000e+00  2.00000000e+00
 133.20000  1.00000000e+00  1.50000000e+00
 133.30000  2.00000000e+00  1.50000000e+00
 133.40000  1.00000000e+00  2.00000000e+00
 133.50000  3.00000000e+00  2.50000000e+00
 133.60000  2.00000000e+00  1.50000000e+00
 133.70000  1.00000000e+00  1.50000000e+00
 133.80000  2.00000000e+00  3.50000000e+00
 133.90000  5.00000000e+00  6.00000000e+00
 134.00000  7.00000000e+00  6.00000000e+00
 134.10000  5.00000000e+00  3.50000000e+00
 134.20000  2.00000000e+00  2.00000000e+00
 134.30000  2.00000000e+00  1.50000000e+00
 134.40000  1.00000000e+00  2.50000000e+00
 134.50000  4.00000000e+00  5.00000000e+00
 134.60000  6.00000000e+00  5.00000000e+00
 134.70000  4.00000000e+00  3.00000000e+00
 134.80000  2.00000000e+00  2.50000000e+00
 134.90000  3.00000000e+00  3.00000000e+00
 135.00000  3.00000000e+00  2.50000000e+00
 135.10000  2.00000000e+00  3.50000000e+00
 135.20000  5.00000000e+00  3.00000000e+00
 135.30000  1.00000000e+00  3.50000000e+00
 135.40000  6.00000000e+00  5.00000000e+00
 135.50000  4.00000000e+00  2.50000000e+00
 135.60000  1.00000000e+00  2.00000000e+00
 135.70000  3.00000000e+00  2.50000000e+00
 135.80000  2.00000000e+00  3.00000000e+00
 135.90000  4.00000000e+00  3.00000000e+00
 136.00000  2.00000000e+00  2.50000000e+00
 136.10000  3.00000000e+00  3.50000000e+00
 136.20000  4.00000000e+00  2.50000000e+00
 136.30000  1.00000000e+00  1.00000000e+00
 136.40000  1.00000000e+00  2.50000000e+00
 136.50000  4.00000000e+00  3.00000000e+00
 136.60000  2.00000000e+00  2.00000000e+00
 136.70000  2.00000000e+00  2.50000000e+00
 136.80000  3.00000000e+00  4.00000000e+00
 136.90000  5.00000000e+00  4.50000000e+00
 137.00000  4.00000000e+00  6.00000000e+00
 137.10000  8.00000000e+00  5.50000000e+00
 137.20000  3.00000000e+00  2.50000000e+00
 137.30000  2.00000000e+00  3.50000000e+00
 137.40000  5.00000000e+00  4.00000000e+00
 137.50000  3.00000000e+00  2.50000000e+00
 137.60000  2.00000000e+00  2.50000000e+00
 137.70000  3.00000000e+00  3.50000000e+00
 137.80000  4.00000000e+00  4.50000000e+00
 137.90000  5.00000000e+00  4.00000000e+00
 138.00000  3.00000000e+00  2.00000000e+00
 138.10000  1.00000000e+00  2.50000000e+00
 138.20000  4.00000000e+00  3.50000000e+00
 138.30000  3.00000000e+00  3.00000000e+00
 138.40000  3.00000000e+00  1.50000000e+00
 138.50000  0.00000000e+00  1.50000000e+00
 138.60000  3.00000000e+00  2.50000000e+00
 138.70000  2.00000000e+00  3.00000000e+00
 138.80000  4.00000000e+00  2.50000000e+00
 138.90000  1.00000000e+00  1.00000000e+00
 139.00000  1.00000000e+00  1.00000000e+00
 139.10000  1.00000000e+00  2.50000000e+00
 139.20000  4.00000000e+00  4.50000000e+00
 139.30000  5.00000000e+00  6.50000000e+00
 139.40000  8.00000000e+00  4.50000000e+00
 139.50000  1.00000000e+00  2.00000000e+00
 139.60000  3.00000000e+00  4.00000000e+00
 139.70000  5.00000000e+00  4.00000000e+00
 139.80000  3.00000000e+00  3.00000000e+00
 139.90000  3.00000000e+00  4.50000000e+00
 140.00000  6.00000000e+00  3.00000000e+00
 140.10000  0.00000000e+00  1.50000000e+00
 140.20000  3.00000000e+00  3.00000000e+00
 140.30000  3.00000000e+00  4.00000000e+00
 140.40000  5.00000000e+00  4.50000000e+00
 140.50000  4.00000000e+00  3.50000000e+00
 140.60000  3.00000000e+00  2.00000000e+00
 140.70000  1.00000000e+00  1.50000000e+00
 140.80000  2.00000000e+00  2.00000000e+00
 140.90000  2.00000000e+00  3.00000000e+00
 141.00000  4.00000000e+00  4.00000000e+00
 141.10000  4.00000000e+00  4.00000000e+00
 141.20000  4.00000000e+00  2.00000000e+00
 141.30000  0.00000000e+00  2.00000000e+00
 141.40000  4.00000000e+00  2.50000000e+00
 141.50000  1.00000000e+00  1.50000000e+00
 141.60000  2.00000000e+00  2.50000000e+00
 141.70000  3.00000000e+00  2.50000000e+00
 141.80000  2.00000000e+00  3.00000000e+00
 141.90000  4.00000000e+00  3.00000000e+00
 142.00000  2.00000000e+00  2.00000000e+00
 142.10000  2.00000000e+00  2.50000000e+00
 142.20000  3.00000000e+00  4.50000000e+00
 142.30000  6.00000000e+00  5.00000000e+00
 142.40000  4.00000000e+00  3.00000000e+00
 142.50000  2.00000000e+00  2.00000000e+00
 142.60000  2.00000000e+00  2.00000000e+00
 142.70000  2.00000000e+00  4.00000000e+00
 142.80000  6.00000000e+00  4.50000000e+00
 142.90000  3.00000000e+00  3.00000000e+00
 143.00000  3.00000000e+00  4.50000000e+00
 143.10000  6.00000000e+00  5.00000000e+00
 143.20000  4.00000000e+00  5.00000000e+00
 143.30000  6.00000000e+00  4.00000000e+00
 143.40000  2.00000000e+00  3.50000000e+00
 143.50000  5.00000000e+00  3.50000000e+00
 143.60000  2.00000000e+00  5.50000000e+00
 143.70000  9.00000000e+00  7.50000000e+00
 143.80000  6.00000000e+00  3.50000000e+00
 143.90000  1.00000000e+00  2.50000000e+00
 144.00000  4.00000000e+00  3.50000000e+00
 144.10000  3.00000000e+00  2.00000000e+00
 144.20000  1.00000000e+00  2.50000000e+00
 144.30000  4.00000000e+00  5.50000000e+00
 144.40000  7.00000000e+00  5.00000000e+00
 144.50000  3.00000000e+00  2.50000000e+00
 144.60000  2.00000000e+00  2.50000000e+00
 144.70000  3.00000000e+00  2.00000000e+00
 144.80000  1.00000000e+00  1.50000000e+00
 144.90000  2.00000000e+00  1.50000000e+00
 145.00000  1.00000000e+00  3.50000000e+00
 145.10000  6.00000000e+00  5.00000000e+00
 145.20000  4.00000000e+00  4.00000000e+00
 145.30000  4.00000000e+00  4.50000000e+00
 145.40000  5.00000000e+00  4.50000000e+00
 145.50000  4.00000000e+00  3.50000000e+00
 145.60000  3.00000000e+00  3.50000000e+00
 145.70000  4.00000000e+00  3.50000000e+00
 145.80000  3.00000000e+00  3.50000000e+00
 145.90000  4.00000000e+00  3.50000000e+00
 146.00000  3.00000000e+00  3.50000000e+00
 146.10000  4.00000000e+00  3.00000000e+00
 146.20000  2.00000000e+00  1.00000000e+00
 146.30000  0.00000000e+00  2.00000000e+00
 146.40000  4.00000000e+00  3.50000000e+00
 146.50000  3.00000000e+00  5.00000000e+00
 146.60000  7.00000000e+00  5.00000000e+00
 146.70000  3.00000000e+00  2.50000000e+00
 146.80000  2.00000000e+00  2.50000000e+00
 146.90000  3.00000000e+00  4.50000000e+00
 147.00000  6.00000000e+00  6.50000000e+00
 147.10000  7.00000000e+00  7.00000000e+00
 147.20000  7.00000000e+00  6.50000000e+00
 147.30000  6.00000000e+00  5.50000000e+00
 147.40000  5.00000000e+00  4.00000000e+00
 147.50000  3.00000000e+00  3.00000000e+00
 147.60000  3.00000000e+00  5.50000000e+00
 147.70000  8.00000000e+00  6.00000000e+00
 147.80000  4.00000000e+00  2.00000000e+00
 147.90000  0.00000000e+00  2.00000000e+00
 148.00000  4.00000000e+00  3.00000000e+00
 148.10000  2.00000000e+00  2.50000000e+00
 148.20000  3.00000000e+00  4.00000000e+00
 148.30000  5.00000000e+00  3.50000000e+00
 148.40000  2.00000000e+00  2.50000000e+00
 148.50000  3.00000000e+00  4.00000000e+00
 148.60000  5.00000000e+00  4.00000000e+00
 148.70000  3.00000000e+00  4.00000000e+00
 148.80000  5.00000000e+00  6.00000000e+00
 148.90000  7.00000000e+00  5.50000000e+00
 149.00000  4.00000000e+00  4.50000000e+00
 149.10000  5.00000000e+00  5.00000000e+00
 149.20000  5.00000000e+00  3.00000000e+00
 149.30000  1.00000000e+00  4.50000000e+00
 149.40000  8.00000000e+00  7.50000000e+00
 149.50000  7.00000000e+00  6.50000000e+00
 149.60000  6.00000000e+00  4.00000000e+00
 149.70000  2.00000000e+00  3.00000000e+00
 149.80000  4.00000000e+00  4.00000000e+00
 149.90000  4.00000000e+00  4.00000000e+00
 150.00000  4.00000000e+00  3.00000000e+00
 150.10000  2.00000000e+00  4.50000000e+00
 150.20000  7.00000000e+00  4.50000000e+00
 150.30000  2.00000000e+00  2.00000000e+00
 150.40000  2.00000000e+00  3.50000000e+00
 150.50000  5.00000000e+00  7.50000000e+00
 150.60000  1.00000000e+01  6.00000000e+00
 150.70000  2.00000000e+00  2.00000000e+00
 150.80000  2.00000000e+00  2.50000000e+00
 150.90000  3.00000000e+00  2.50000000e+00
 151.00000  2.00000000e+00  3.50000000e+00
 151.10000  5.00000000e+00  4.00000000e+00
 151.20000  3.00000000e+00  4.00000000e+00
 151.30000  5.00000000e+00  3.50000000e+00
 151.40000  2.00000000e+00  1.50000000e+00
 151.50000  1.00000000e+00  2.00000000e+00
 151.60000  3.00000000e+00  4.50000000e+00
 151.70000  6.00000000e+00  4.00000000e+00
 151.80000  2.00000000e+00  1.50000000e+00
 151.90000  1.00000000e+00  5.50000000e+00
 152.00000  1.00000000e+01  7.50000000e+00
 152.10000  5.00000000e+00  5.50000000e+00
 152.20000  6.00000000e+00  6.50000000e+00
 152.30000  7.00000000e+00  5.00000000e+00
 152.40000  3.00000000e+00  2.50000000e+00
 152.50000  2.00000000e+00  4.00000000e+00
 152.60000  6.00000000e+00  4.50000000e+00
 152.70000  3.00000000e+00  5.00000000e+00
 152.80000  7.00000000e+00  6.50000000e+00
 152.90000  6.00000000e+00  7.50000000e+00
 153.00000  9.00000000e+00  7.50000000e+00
 153.10000  6.00000000e+00  6.50000000e+00
 153.20000  7.00000000e+00  6.00000000e+00
 153.30000  5.00000000e+00  6.00000000e+00
 153.40000  7.00000000e+00  6.50000000e+00
 153.50000  6.00000000e+00  5.50000000e+00
 153.60000  5.00000000e+00  5.00000000e+00
 153.70000  5.00000000e+00  4.50000000e+00
 153.80000  4.00000000e+00  4.00000000e+00
 153.90000  4.00000000e+00  2.50000000e+00
 154.00000  1.00000000e+00  2.50000000e+00
 154.10000  4.00000000e+00  2.50000000e+00
 154.20000  1.00000000e+00  2.00000000e+00
 154.30000  3.00000000e+00  3.50000000e+00
 154.40000  4.00000000e+00  3.00000000e+00
 154.50000  2.00000000e+00  2.50000000e+00
 154.60000  3.00000000e+00  4.00000000e+00
 154.70000  5.00000000e+00  9.00000000e+00
 154.80000  1.30000000e+01  9.50000000e+00
 154.90000  6.00000000e+00  5.50000000e+00
 155.00000  5.00000000e+00  5.50000000e+00
 155.10000  6.00000000e+00  4.00000000e+00
 155.20000  2.00000000e+00  3.00000000e+00
 155.30000  4.00000000e+00  3.00000000e+00
 155.40000  2.00000000e+00  3.00000000e+00
 155.50000  4.00000000e+00  5.00000000e+00
 155.60000  6.00000000e+00  5.50000000e+00
 155.70000  5.00000000e+00  6.00000000e+00
 155.80000  7.00000000e+00  4.50000000e+00
 155.90000  2.00000000e+00  4.00000000e+00
 156.00000  6.00000000e+00  6.00000000e+00
 156.10000  6.00000000e+00  6.00000000e+00
 156.20000  6.00000000e+00  4.50000000e+00
 156.30000  3.00000000e+00  3.50000000e+00
 156.40000  4.00000000e+00  4.00000000e+00
 156.50000  4.00000000e+00  4.50000000e+00
 156.60000  5.00000000e+00  4.00000000e+00
 156.70000  3.00000000e+00  5.00000000e+00
 156.80000  7.00000000e+00  5.00000000e+00
 156.90000  3.00000000e+00  3.50000000e+00
 157.00000  4.00000000e+00  3.50000000e+00
 157.10000  3.00000000e+00  3.50000000e+00
 157.20000  4.00000000e+00  4.50000000e+00
 157.30000  5.00000000e+00  5.50000000e+00
 157.40000  6.00000000e+00  4.00000000e+00
 157.50000  2.00000000e+00  3.00000000e+00
 157.60000  4.00000000e+00  3.50000000e+00
 157.70000  3.00000000e+00  3.00000000e+00
 157.80000  3.00000000e+00  3.50000000e+00
 157.90000  4.00000000e+00  3.00000000e+00
 158.00000  2.00000000e+00  2.00000000e+00
 158.10000  2.00000000e+00  4.00000000e+00
 158.20000  6.00000000e+00  6.50000000e+00
 158.30000  7.00000000e+00  5.50000000e+00
 158.40000  4.00000000e+00  5.00000000e+00
 158.50000  6.00000000e+00  6.00000000e+00
 158.60000  6.00000000e+00  3.50000000e+00
 158.70000  1.00000000e+00  2.00000000e+00
 158.80000  3.00000000e+00  2.50000000e+00
 158.90000  2.00000000e+00  2.00000000e+00
 159.00000  2.00000000e+00  3.00000000e+00
 159.10000  4.00000000e+00  4.00000000e+00
 159.20000  4.00000000e+00  3.50000000e+00
 159.30000  3.00000000e+00  3.00000000e+00
 159.40000  3.00000000e+00  3.50000000e+00
 159.50000  4.00000000e+00  5.50000000e+00
 159.60000  7.00000000e+00  5.50000000e+00
 159.70000  4.00000000e+00  4.00000000e+00
 159.80000  4.00000000e+00  4.00000000e+00
 159.90000  4.00000000e+00  5.00000000e+00
 160.00000  5.03155701e+00  3.36068033e-03
 160.10000  5.04246078e+00  3.36560017e-03
 160.20000  5.04590997e+00  3.38710366e-03
 160.30000  5.05931334e+00  3.34216196e-03
 160.40000  5.06509601e+00  3.28063658e-03
 160.50000  5.07072480e+00  3.21905593e-03
 160.60000  5.07619956e+00  3.15741998e-03
 160.70000  5.07908657e+00  3.14553504e-03
 160.80000  5.08681093e+00  3.03392701e-03
 160.90000  5.09933114e+00  2.98881944e-03
 161.00000  5.11417233e+00  2.89401619e-03
 161.10000  5.11891770e+00  2.89893599e-03
 161.20000  5.12610890e+00  2.85399429e-03
 161.30000  5.13071260e+00  2.82563624e-03
 161.40000  5.12773688e+00  2.78052866e-03
 161.50000  5.13966505e+00  2.76858846e-03
 161.60000  5.14904684e+00  2.74011986e-03
 161.70000  5.15835752e+00  2.71170653e-03
 161.80000  5.17250599e+00  2.61695855e-03
 161.90000  5.17148391e+00  2.55543315e-03
 162.00000  5.17278294e+00  2.47715825e-03
 162.10000  5.17145255e+00  2.44857907e-03
 162.20000  5.17500076e+00  2.38666672e-03
 162.30000  5.17835260e+00  2.29147648e-03
 162.40000  5.18150793e+00  2.22945357e-03
 162.50000  5.17959938e+00  2.23376532e-03
 162.60000  5.18009347e+00  2.15488236e-03
 162.70000  5.17548148e+00  2.14227876e-03
 162.80000  5.18832979e+00  2.14625883e-03
 162.90000  5.18617131e+00  2.11701632e-03
 163.00000  5.18893132e+00  2.08766324e-03
 163.10000  5.18415093e+00  2.07478325e-03
 163.20000  5.18680501e+00  2.04515379e-03
 163.30000  5.18682675e+00  1.96560747e-03
 163.40000  5.18669101e+00  1.91917321e-03
 163.50000  5.17897211e+00  1.88915674e-03
 163.60000  5.18363656e+00  1.84239082e-03
 163.70000  5.18071717e+00  1.81215323e-03
 163.80000  5.18510585e+00  1.69877628e-03
 163.90000  5.18925262e+00  1.61862191e-03
 164.00000  5.20074900e+00  1.58838441e-03
 164.10000  5.20977791e+00  1.64134156e-03
 164.20000  5.21638117e+00  1.64454775e-03
 164.30000  5.21544249e+00  1.59789237e-03
 164.40000  5.21686219e+00  1.53454276e-03
 164.50000  5.22055704e+00  1.42133165e-03
 164.60000  5.22656860e+00  1.39120467e-03
 164.70000  5.23753825e+00  1.39441087e-03
 164.80000  5.23358222e+00  1.43083962e-03
 164.90000  5.23953455e+00  1.33432273e-03
 165.00000  5.24528720e+00  1.27108368e-03
 165.10000  5.24345639e+00  1.25765091e-03
 165.20000  5.24650062e+00  1.17771767e-03
 165.30000  5.25441987e+00  1.16428494e-03
 165.40000  5.25471414e+00  1.06782327e-03
 165.50000  5.26487540e+00  1.07108475e-03
 165.60000  5.26258627e+00  1.09098514e-03
 165.70000  5.24537134e+00  1.11060908e-03
 165.80000  5.23818850e+00  1.12990140e-03
 165.90000  5.24091266e+00  1.04941537e-03
 166.00000  5.24846894e+00  1.00220722e-03
 166.10000  5.24344859e+00  9.71582716e-04
 166.20000  5.24829354e+00  9.07680355e-04
 166.30000  5.25797061e+00  8.43888520e-04
 166.40000  5.25746327e+00  7.46929358e-04
 166.50000  5.25176319e+00  6.83082245e-04
 166.60000  5.25840357e+00  6.35818845e-04
 166.70000  5.25494230e+00  5.88555365e-04
 166.80000  5.25136273e+00  5.41181361e-04
 166.90000  5.25513154e+00  4.77168448e-04
 167.00000  5.26129858e+00  4.63072337e-04
 167.10000  5.27233926e+00  3.82696875e-04
 167.20000  5.29077081e+00  3.85681961e-04
 167.30000  5.28672642e+00  3.72193878e-04
 167.40000  5.28260664e+00  3.25372665e-04
 167.50000  5.29086996e+00  2.95190434e-04
 167.60000  5.29897495e+00  1.98728802e-04
 167.70000  5.29937206e+00  1.18961391e-04
 167.80000  5.29466101e+00  1.05583890e-04
 167.90000  5.30233358e+00  4.24001717e-05
 168.00000  5.30493965e+00  4.57721639e-05
 168.10000  5.30747118e+00 -1.72457445e-05
 168.20000  5.30728703e+00 -1.30069937e-04
 168.30000  5.31437081e+00 -1.92977276e-04
 168.40000  5.31630574e+00 -2.55774085e-04
 168.50000  5.32303400e+00 -3.51682900e-04
 168.60000  5.31454729e+00 -4.47591773e-04
 168.70000  5.31832088e+00 -5.26916947e-04
 168.80000  5.31195422e+00 -5.73019539e-04
 168.90000  5.31793090e+00 -6.35705812e-04
 169.00000  5.31620107e+00 -7.48143040e-04
 169.10000  5.31171501e+00 -8.43996617e-04
 169.20000  5.30203897e+00 -9.06738169e-04
 169.30000  5.30718129e+00 -9.69479690e-04
 169.40000  5.30973333e+00 -9.82249090e-04
 169.50000  5.32722902e+00 -9.94742082e-04
 169.60000  5.31965195e+00 -1.07351450e-03
 169.70000  5.32186140e+00 -1.15228690e-03
 169.80000  5.32395712e+00 -1.16450352e-03
 169.90000  5.32098912e+00 -1.20988749e-03
 170.00000  5.32038278e+00 -1.27185511e-03
 170.10000  5.00000000e+00  5.50000000e+00
 170.20000  2.00000000e+00  3.50000000e+00
 170.30000  7.00000000e+00  4.50000000e+00
 170.40000  3.00000000e+00  5.00000000e+00
 170.50000  1.20000000e+01  7.50000000e+00
 170.60000  5.00000000e+00  8.50000000e+00
 170.70000  4.00000000e+00  4.50000000e+00
 170.80000  5.00000000e+00  4.50000000e+00
 170.90000  7.00000000e+00  6.00000000e+00
 171.00000  5.00000000e+00  6.00000000e+00
 171.10000  5.00000000e+00  5.00000000e+00
 171.20000  5.00000000e+00  5.00000000e+00
 171.30000  3.00000000e+00  4.00000000e+00
 171.40000  9.00000000e+00  6.00000000e+00
 171.50000  7.00000000e+00  8.00000000e+00
 171.60000  5.00000000e+00  6.00000000e+00
 171.70000  6.00000000e+00  5.50000000e+00
 171.80000  8.00000000e+00  7.00000000e+00
 171.90000  6.00000000e+00  7.00000000e+00
 172.00000  6.00000000e+00  6.00000000e+00
 172.10000  5.00000000e+00  5.50000000e+00
 172.20000  4.00000000e+00  4.50000000e+00
 172.30000  9.00000000e+00  6.50000000e+00
 172.40000  4.00000000e+00  6.50000000e+00
 172.50000  4.00000000e+00  4.00000000e+00
 172.60000  9.00000000e+00  6.50000000e+00
 172.70000  3.00000000e+00  6.00000000e+00
 172.80000  4.00000000e+00  3.50000000e+00
 172.90000  1.00000000e+00  2.50000000e+00
 173.00000  3.00000000e+00  2.00000000e+00
 173.10000  7.00000000e+00  5.00000000e+00
 173.20000  5.00000000e+00  6.00000000e+00
 173.30000  1.00000000e+00  3.00000000e+00
 173.40000  2.00000000e+00  1.50000000e+00
 173.50000  1.00000000e+00  1.50000000e+00
 173.60000  2.00000000e+00  1.50000000e+00
 173.70000  4.00000000e+00  3.00000000e+00
 173.80000  2.00000000e+00  3.00000000e+00
 173.90000  3.00000000e+00  2.50000000e+00
 174.00000  2.00000000e+00  2.50000000e+00
 174.10000  1.00000000e+00  1.50000000e+00
 174.20000  3.00000000e+00  2.00000000e+00
 174.30000  6.00000000e+00  4.50000000e+00
 174.40000  5.00000000e+00  5.50000000e+00
 174.50000  5.00000000e+00  5.00000000e+00
 174.60000  6.00000000e+00  5.50000000e+00
 174.70000  1.00000000e+00  3.50000000e+00
 174.80000  6.00000000e+00  3.50000000e+00
 174.90000  1.00000000e+00  3.50000000e+00
 175.00000  3.00000000e+00  2.00000000e+00
 175.10000  9.00000000e+00  6.00000000e+00
 175.20000  3.00000000e+00  6.00000000e+00
 175.30000  2.00000000e+00  2.50000000e+00
 175.40000  2.00000000e+00  2.00000000e+00
 175.50000  3.00000000e+00  2.50000000e+00
 175.60000  5.00000000e+00  4.00000000e+00
 175.70000  2.00000000e+00  3.50000000e+00
 175.80000  2.00000000e+00  2.00000000e+00
 175.90000  5.00000000e+00  3.50000000e+00
 176.00000  3.00000000e+00  4.00000000e+00
 176.10000  6.00000000e+00  4.50000000e+00
 176.20000  6.00000000e+00  6.00000000e+00
 176.30000  6.00000000e+00  6.00000000e+00
 176.40000  5.00000000e+00  5.50000000e+00
 176.50000  1.00000000e+00  3.00000000e+00
 176.60000  3.00000000e+00  2.00000000e+00
 176.70000  2.00000000e+00  2.50000000e+00
 176.80000  3.00000000e+00  2.50000000e+00
 176.90000  9.00000000e+00  6.00000000e+00
 177.00000  3.00000000e+00  6.00000000e+00
 177.10000  4.00000000e+00  3.50000000e+00
 177.20000  4.00000000e+00  4.00000000e+00
 177.30000  3.00000000e+00  3.50000000e+00
 177.40000  3.00000000e+00  3.00000000e+00
 177.50000  5.00000000e+00  4.00000000e+00
 177.60000  3.00000000e+00  4.00000000e+00
 177.70000  6.00000000e+00  4.50000000e+00
 177.80000  7.00000000e+00  6.50000000e+00
 177.90000  4.00000000e+00  5.50000000e+00
 178.00000  5.00000000e+00  4.50000000e+00
 178.10000  5.00000000e+00  5.00000000e+00
 178.20000  3.00000000e+00  4.00000000e+00
 178.30000  5.00000000e+00  4.00000000e+00
 178.40000  3.00000000e+00  4.00000000e+00
 178.50000  2.00000000e+00  2.50000000e+00
 178.60000  5.00000000e+00  3.50000000e+00
 178.70000  3.00000000e+00  4.00000000e+00
 178.80000  2.00000000e+00  2.50000000e+00
 178.90000  4.00000000e+00  3.00000000e+00
 179.00000  4.00000000e+00  4.00000000e+00
 179.10000  2.00000000e+00  3.00000000e+00
 179.20000  1.00000000e+00  1.50000000e+00
 179.30000  3.00000000e+00  2.00000000e+00
 179.40000  5.00000000e+00  4.00000000e+00
 179.50000  2.00000000e+00  3.50000000e+00
 179.60000  6.00000000e+00  4.00000000e+00
 179.70000  3.00000000e+00  4.50000000e+00
 179.80000  5.00000000e+00  4.00000000e+00
 179.90000  3.00000000e+00  4.00000000e+00
 180.00000  5.00000000e+00  4.00000000e+00
 180.10000  6.00000000e+00  5.50000000e+00
 180.20000  3.00000000e+00  4.50000000e+00
 180.30000  5.00000000e+00  4.00000000e+00
 180.40000  3.00000000e+00  4.00000000e+00
 180.50000  2.00000000e+00  2.50000000e+00
 180.60000  8.00000000e+00  5.00000000e+00
 180.70000  5.00000000e+00  6.50000000e+00
 180.80000  2.00000000e+00  3.50000000e+00
 180.90000  1.00000000e+00  1.50000000e+00
 181.00000  2.00000000e+00  1.50000000e+00
 181.10000  4.00000000e+00  3.00000000e+00
 181.20000  9.00000000e+00  6.50000000e+00
 181.30000  6.00000000e+00  7.50000000e+00
 181.40000  8.00000000e+00  7.00000000e+00
 181.50000  3.00000000e+00  5.50000000e+00
 181.60000  1.00000000e+00  2.00000000e+00
 181.70000  3.00000000e+00  2.00000000e+00
 181.80000  5.00000000e+00  4.00000000e+00
 181.90000  5.00000000e+00  5.00000000e+00
 182.00000  3.00000000e+00  4.00000000e+00
 182.10000  7.00000000e+00  5.00000000e+00
 182.20000  4.00000000e+00  5.50000000e+00
 182.30000  7.00000000e+00  5.50000000e+00
 182.40000  6.00000000e+00  6.50000000e+00
 182.50000  2.00000000e+00  4.00000000e+00
 182.60000  8.00000000e+00  5.00000000e+00
 182.70000  5.00000000e+00  6.50000000e+00
 182.80000  6.00000000e+00  5.50000000e+00
 182.90000  1.00000000e+01  8.00000000e+00
 183.00000  5.00000000e+00  7.50000000e+00
 183.10000  6.00000000e+00  5.50000000e+00
 183.20000  4.00000000e+00  5.00000000e+00
 183.30000  5.00000000e+00  4.50000000e+00
 183.40000  6.00000000e+00  5.50000000e+00
 183.50000  2.00000000e+00  4.00000000e+00
 183.60000  2.00000000e+00  2.00000000e+00
 183.70000  3.00000000e+00  2.50000000e+00
 183.80000  2.00000000e+00  2.50000000e+00
 183.90000  9.00000000e+00  5.50000000e+00
 184.00000  5.00000000e+00  7.00000000e+00
 184.10000  3.00000000e+00  4.00000000e+00
 184.20000  2.00000000e+00  2.50000000e+00
 184.30000  4.00000000e+00  3.00000000e+00
 184.40000  1.00000000e+00  2.50000000e+00
 184.50000  7.00000000e+00  4.00000000e+00
 184.60000  6.00000000e+00  6.50000000e+00
 184.70000  2.00000000e+00  4.00000000e+00
 184.80000  9.00000000e+00  5.50000000e+00
 184.90000  7.00000000e+00  8.00000000e+00
 185.00000  7.00000000e+00  7.00000000e+00
 185.10000  5.00000000e+00  6.00000000e+00
 185.20000  2.00000000e+00  3.50000000e+00
 185.30000  2.00000000e+00  2.00000000e+00
 185.40000  5.00000000e+00  3.50000000e+00
 185.50000  7.00000000e+00  6.00000000e+00
 185.60000  4.00000000e+00  5.50000000e+00
 185.70000  5.00000000e+00  4.50000000e+00
 185.80000  1.00000000e+00  3.00000000e+00
 185.90000  6.00000000e+00  3.50000000e+00
 186.00000  1.00000000e+00  3.50000000e+00
 186.10000  3.00000000e+00  2.00000000e+00
 186.20000  7.00000000e+00  5.00000000e+00
 186.30000  3.00000000e+00  5.00000000e+00
 186.40000  2.00000000e+00  2.50000000e+00
 186.50000  5.00000000e+00  3.50000000e+00
 186.60000  9.00000000e+00  7.00000000e+00
 186.70000  5.00000000e+00  7.00000000e+00
 186.80000  4.00000000e+00  4.50000000e+00
 186.90000  5.00000000e+00  4.50000000e+00
 187.00000  6.00000000e+00  5.50000000e+00
 187.10000  3.00000000e+00  4.50000000e+00
 187.20000  4.00000000e+00  3.50000000e+00
 187.30000  2.00000000e+00  3.00000000e+00
 187.40000  4.00000000e+00  3.00000000e+00
 187.50000  6.00000000e+00  5.00000000e+00
 187.60000  5.00000000e+00  5.50000000e+00
 187.70000  8.00000000e+00  6.50000000e+00
 187.80000  5.00000000e+00  6.50000000e+00
 187.90000  5.00000000e+00  5.00000000e+00
 188.00000  3.00000000e+00  4.00000000e+00
 188.10000  3.00000000e+00  3.00000000e+00
 188.20000  3.00000000e+00  3.00000000e+00
 188.30000  5.00000000e+00  4.00000000e+00
 188.40000  4.00000000e+00  4.50000000e+00
 188.50000  4.00000000e+00  4.00000000e+00
 188.60000  7.00000000e+00  5.50000000e+00
 188.70000  9.00000000e+00  8.00000000e+00
 188.80000  3.00000000e+00  6.00000000e+00
 188.90000  8.00000000e+00  5.50000000e+00
 189.00000  4.00000000e+00  6.00000000e+00
 189.10000  4.00000000e+00  4.00000000e+00
 189.20000  6.00000000e+00  5.00000000e+00
 189.30000  3.00000000e+00  4.50000000e+00
 189.40000  3.00000000e+00  3.00000000e+00
 189.50000  3.00000000e+00  3.00000000e+00
 189.60000  4.00000000e+00  3.50000000e+00
 189.70000  5.00000000e+00  4.50000000e+00
 189.80000  4.00000000e+00  4.50000000e+00
 189.90000  1.00000000e+00  2.50000000e+00
 190.00000  4.00000000e+00  2.50000000e+00
 190.10000  4.00000000e+00  4.00000000e+00
 190.20000  6.00000000e+00  5.00000000e+00
 190.30000  2.00000000e+00  4.00000000e+00
 190.40000  3.00000000e+00  2.50000000e+00
 190.50000  3.00000000e+00  3.00000000e+00
 190.60000  3.00000000e+00  3.00000000e+00
 190.70000  5.00000000e+00  4.00000000e+00
 190.80000  1.00000000e+00  3.00000000e+00
 190.90000  2.00000000e+00  1.50000000e+00
 191.00000  0.00000000e+00  1.00000000e+00
 191.10000  5.00000000e+00  2.50000000e+00
 191.20000  3.00000000e+00  4.00000000e+00
 191.30000  4.00000000e+00  3.50000000e+00
 191.40000  5.00000000e+00  4.50000000e+00
 191.50000  3.00000000e+00  4.00000000e+00
 191.60000  3.00000000e+00  3.00000000e+00
 191.70000  3.00000000e+00  3.00000000e+00
 191.80000  0.00000000e+00  1.50000000e+00
 191.90000  4.00000000e+00  2.00000000e+00
 192.00000  3.00000000e+00  3.50000000e+00
 192.10000  5.00000000e+00  4.00000000e+00
 192.20000  3.00000000e+00  4.00000000e+00
 192.30000  2.00000000e+00  2.50000000e+00
 192.40000  3.00000000e+00  2.50000000e+00
 192.50000  6.00000000e+00  4.50000000e+00
 192.60000  3.00000000e+00  4.50000000e+00
 192.70000  6.00000000e+00  4.50000000e+00
 192.80000  3.00000000e+00  4.50000000e+00
 192.90000  5.00000000e+00  4.00000000e+00
 193.00000  4.00000000e+00  4.50000000e+00
 193.10000  6.00000000e+00  5.00000000e+00
 193.20000  4.00000000e+00  5.00000000e+00
 193.30000  3.00000000e+00  3.50000000e+00
 193.40000  4.00000000e+00  3.50000000e+00
 193.50000  6.00000000e+00  5.00000000e+00
 193.60000  3.00000000e+00  4.50000000e+00
 193.70000  5.00000000e+00  4.00000000e+00
 193.80000  1.00000000e+00  3.00000000e+00
 193.90000  2.00000000e+00  1.50000000e+00
 194.00000  2.00000000e+00  2.00000000e+00
 194.10000  5.00000000e+00  3.50000000e+00
 194.20000  4.00000000e+00  4.50000000e+00
 194.30000  4.00000000e+00  4.00000000e+00
 194.40000  3.00000000e+00  3.50000000e+00
 194.50000  1.00000000e+00  2.00000000e+00
 194.60000  3.00000000e+00  2.00000000e+00
 194.70000  3.00000000e+00  3.00000000e+00
 194.80000  7.00000000e+00  5.00000000e+00
 194.90000  1.00000000e+00  4.00000000e+00
 195.00000  2.00000000e+00  1.50000000e+00
 195.10000  5.00000000e+00  3.50000000e+00
 195.20000  2.00000000e+00  3.50000000e+00
 195.30000  3.00000000e+00  2.50000000e+00
 195.40000  2.00000000e+00  2.50000000e+00
 195.50000  3.00000000e+00  2.50000000e+00
 195.60000  6.00000000e+00  4.50000000e+00
 195.70000  9.00000000e+00  7.50000000e+00
 195.80000  7.00000000e+00  8.00000000e+00
 195.90000  2.00000000e+00  4.50000000e+00
 196.00000  2.00000000e+00  2.00000000e+00
 196.10000  5.00000000e+00  3.50000000e+00
 196.20000  2.00000000e+00  3.50000000e+00
 196.30000  1.00000000e+00  1.50000000e+00
 196.40000  2.00000000e+00  1.50000000e+00
 196.50000  4.00000000e+00  3.00000000e+00
 196.60000  2.00000000e+00  3.00000000e+00
 196.70000  4.00000000e+00  3.00000000e+00
 196.80000  4.00000000e+00  4.00000000e+00
 196.90000  2.00000000e+00  3.00000000e+00
 197.00000  3.00000000e+00  2.50000000e+00
 197.10000  0.00000000e+00  1.50000000e+00
 197.20000  1.00000000e+00  5.00000000e-01
 197.30000  5.00000000e+00  3.00000000e+00
 197.40000  4.00000000e+00  4.50000000e+00
 197.50000  2.00000000e+00  3.00000000e+00
 197.60000  0.00000000e+00  1.00000000e+00
 197.70000  2.00000000e+00  1.00000000e+00
 197.80000  5.00000000e+00  3.50000000e+00
 197.90000  1.00000000e+00  3.00000000e+00
 198.00000  4.00000000e+00  2.50000000e+00
 198.10000  2.00000000e+00  3.00000000e+00
 198.20000  1.00000000e+00  1.50000000e+00
 198.30000  1.00000000e+00  1.00000000e+00
 198.40000  2.00000000e+00  1.50000000e+00
 198.50000  0.00000000e+00  1.00000000e+00
 198.60000  3.00000000e+00  1.50000000e+00
 198.70000  1.00000000e+00  2.00000000e+00
 198.80000  4.00000000e+00  2.50000000e+00
 198.90000  1.00000000e+00  2.50000000e+00
 199.00000  1.00000000e+00  1.00000000e+00
 199.10000  2.00000000e+00  1.50000000e+00
 199.20000  4.00000000e+00  3.00000000e+00
 199.30000  1.00000000e+00  2.50000000e+00
 199.40000  3.00000000e+00  2.00000000e+00
 199.50000  0.00000000e+00  1.50000000e+00
 199.60000  3.00000000e+00  1.50000000e+00
 199.70000  1.00000000e+00  2.00000000e+00
 199.80000  3.00000000e+00  2.00000000e+00
 199.90000  3.00000000e+00  3.00000000e+00
 200.00000  2.00000000e+00  2.50000000e+00
