7.986896991099999923e+02 6.520471596998928021e+01
7.987053172004522139e+02 6.277170418006430452e+01
7.987209352909045492e+02 7.688317256162915214e+01
7.987365533813567708e+02 5.449946409431939998e+01
7.987521714718089925e+02 6.179849946409431993e+01
7.987677895622613278e+02 6.909753483386923278e+01
7.987834076527135494e+02 5.693247588424436856e+01
7.987990257431657710e+02 5.839228295819935255e+01
7.988146438336181063e+02 6.082529474812432824e+01
7.988302619240703280e+02 5.012004287245444800e+01
7.988458800145226633e+02 6.520471596998928021e+01
7.988614981049748849e+02 5.741907824222936796e+01
7.988771161954271065e+02 6.763772775991425590e+01
7.988927342858794418e+02 5.206645230439442429e+01
7.989083523763316634e+02 6.666452304394425710e+01
7.989239704667838851e+02 5.157984994640943199e+01
7.989395885572362204e+02 6.763772775991425590e+01
7.989552066476884420e+02 6.715112540192926360e+01
7.989708247381406636e+02 5.644587352625937626e+01
7.989864428285929989e+02 7.250375133976419306e+01
7.990020609190452205e+02 8.904823151125401637e+01
7.990176790094974422e+02 7.639657020364415985e+01
7.990332970999497775e+02 7.104394426580921618e+01
7.990489151904019991e+02 9.926688102893889720e+01
7.990645332808542207e+02 8.612861736334404839e+01
7.990801513713065560e+02 1.002400857449088960e+02
7.990957694617587777e+02 1.250568060021436168e+02
7.991113875522109993e+02 1.182443729903536962e+02
7.991270056426633346e+02 9.488745980707395233e+01
7.991426237331155562e+02 6.617792068595926480e+01
7.991582418235678915e+02 8.028938906752411242e+01
7.991738599140201131e+02 6.082529474812432824e+01
7.991894780044723348e+02 6.617792068595926480e+01
7.992050960949246701e+02 8.418220793140406499e+01
7.992207141853768917e+02 6.423151125401929562e+01
7.992363322758291133e+02 8.272240085744908811e+01
7.992519503662814486e+02 7.007073954983923159e+01
7.992675684567336702e+02 7.250375133976419306e+01
7.992831865471858919e+02 7.688317256162915214e+01
7.992988046376382272e+02 9.586066452304393692e+01
7.993144227280904488e+02 8.223579849946409581e+01
7.993300408185426704e+02 7.688317256162915214e+01
7.993456589089950057e+02 8.904823151125401637e+01
7.993612769994472274e+02 8.028938906752411242e+01
7.993768950898994490e+02 1.119185423365487679e+02
7.993925131803517843e+02 1.153247588424437282e+02
7.994081312708040059e+02 9.342765273311897545e+01
7.994237493612563412e+02 1.138649517684887371e+02
7.994393674517085628e+02 1.080257234726688012e+02
7.994549855421607845e+02 8.515541264737406379e+01
7.994706036326131198e+02 9.099464094319399976e+01
7.994862217230653414e+02 1.445209003215433938e+02
7.995018398135175630e+02 8.807502679528403178e+01
7.995174579039698983e+02 1.172711682743837116e+02
7.995330759944221199e+02 1.411146838156484478e+02
7.995486940848743416e+02 9.683386923901393573e+01
7.995643121753266769e+02 8.515541264737406379e+01
7.995799302657788985e+02 1.007266881028938883e+02
7.995955483562311201e+02 9.634726688102892922e+01
7.996111664466834554e+02 9.780707395498392032e+01
7.996267845371356771e+02 9.683386923901393573e+01
7.996424026275878987e+02 9.002143622722400096e+01
7.996580207180402340e+02 1.148381564844587359e+02
7.996736388084924556e+02 1.333290460878885142e+02
7.996892568989447909e+02 1.021864951768488652e+02
7.997048749893970125e+02 1.133783494105037448e+02
7.997204930798492342e+02 1.235969989281886399e+02
7.997361111703015695e+02 8.223579849946409581e+01
7.997517292607537911e+02 1.284630225080385912e+02
7.997673473512060127e+02 1.235969989281886399e+02
7.997829654416583480e+02 1.172711682743837116e+02
7.997985835321105696e+02 1.182443729903536962e+02
7.998142016225627913e+02 1.615519828510182094e+02
7.998298197130151266e+02 1.197041800643086731e+02
7.998454378034673482e+02 1.352754555198285118e+02
7.998610558939195698e+02 1.484137191854233606e+02
7.998766739843719051e+02 1.138649517684887371e+02
7.998922920748241268e+02 1.357620578778135041e+02
7.999079101652763484e+02 1.557127545551982735e+02
7.999235282557286837e+02 1.046195069667738409e+02
7.999391463461809053e+02 1.240836012861736322e+02
7.999547644366331269e+02 1.299228295819935681e+02
7.999703825270854622e+02 1.094855305466237922e+02
7.999860006175376839e+02 1.153247588424437282e+02
8.000016187079900192e+02 1.518199356913183351e+02
8.000172367984422408e+02 1.318692390139335373e+02
8.000328548888944624e+02 1.445209003215433938e+02
8.000484729793467977e+02 1.542529474812432966e+02
8.000640910697990194e+02 1.192175777063236808e+02
8.000797091602512410e+02 1.557127545551982735e+02
8.000953272507035763e+02 1.430610932475884169e+02
8.001109453411557979e+02 1.454941050375134068e+02
8.001265634316080195e+02 1.615519828510182094e+02
8.001421815220603548e+02 1.581457663451232634e+02
8.001577996125125765e+02 1.513333333333333428e+02
8.001734177029647981e+02 1.717706323687031045e+02
8.001890357934171334e+02 1.450075026795283861e+02
8.002046538838693550e+02 1.858821007502679379e+02
8.002202719743215766e+02 1.727438370846730891e+02
8.002358900647739119e+02 1.328424437299035219e+02
8.002515081552261336e+02 1.289496248660235835e+02
8.002671262456784689e+02 1.411146838156484478e+02
8.002827443361306905e+02 1.965873526259378252e+02
8.002983624265829121e+02 1.805294748124329942e+02
8.003139805170352474e+02 2.282165058949624665e+02
8.003295986074874691e+02 2.885551982851018238e+02
8.003452166979396907e+02 3.386752411575562860e+02
8.003608347883920260e+02 3.990139335476956148e+02
8.003764528788442476e+02 3.304030010718113317e+02
8.003920709692964692e+02 1.756634512325830713e+02
8.004076890597488045e+02 5.936548767416934425e+01
8.004233071502010262e+02 4.963344051446944860e+01
8.004389252406532478e+02 3.454876741693461639e+01
8.004545433311055831e+02 5.985209003215433654e+01
8.004701614215578047e+02 1.026730975348338717e+02
8.004857795120100263e+02 1.162979635584137128e+02
8.005013976024623616e+02 1.055927116827438397e+02
8.005170156929145833e+02 1.041329046087888486e+02
8.005326337833669186e+02 1.016998928188638729e+02
8.005482518738191402e+02 9.099464094319399976e+01
8.005638699642713618e+02 9.586066452304393692e+01
8.005794880547236971e+02 1.026730975348338717e+02
8.005951061451759188e+02 9.002143622722400096e+01
8.006107242356281404e+02 8.515541264737406379e+01
8.006263423260804757e+02 9.683386923901393573e+01
8.006419604165326973e+02 9.683386923901393573e+01
8.006575785069849189e+02 1.007266881028938883e+02
8.006731965974372542e+02 1.109453376205787691e+02
8.006888146878894759e+02 9.537406216505894463e+01
8.007044327783416975e+02 9.634726688102892922e+01
8.007200508687940328e+02 1.114319399785637756e+02
8.007356689592462544e+02 1.055927116827438397e+02
8.007512870496984760e+02 1.109453376205787691e+02
8.007669051401508113e+02 1.153247588424437282e+02
8.007825232306030330e+02 1.094855305466237922e+02
8.007981413210552546e+02 1.216505894962486565e+02
8.008137594115075899e+02 8.174919614147910352e+01
8.008293775019598115e+02 9.002143622722400096e+01
8.008449955924121468e+02 9.245444801714897665e+01
8.008606136828643685e+02 1.119185423365487679e+02
8.008762317733165901e+02 9.537406216505894463e+01
8.008918498637689254e+02 9.975348338692390371e+01
8.009074679542211470e+02 9.196784565916398435e+01
8.009230860446733686e+02 8.369560557341907270e+01
8.009387041351257039e+02 7.347695605573419186e+01
8.009543222255779256e+02 7.542336548767416105e+01
8.009699403160301472e+02 5.157984994640943199e+01
8.009855584064824825e+02 5.839228295819935255e+01
8.010011764969347041e+02 5.012004287245444800e+01
8.010167945873869257e+02 2.919614147909967627e+01
8.010324126778392611e+02 2.578992497320471600e+01
8.010480307682914827e+02 1.313826366559485415e+01
8.010636488587437043e+02 1.605787781350482391e+01
8.010792669491960396e+02 8.758842443729903948e+00
8.010948850396482612e+02 7.299035369774919069e+00
8.011105031301005965e+02 9.732047159699892092e+00
8.011261212205528182e+02 1.605787781350482391e+01
8.011417393110050398e+02 1.459807073954983814e+01
8.011573574014573751e+02 1.605787781350482391e+01
8.011729754919095967e+02 3.308896034297963240e+01
8.011885935823618183e+02 3.065594855305466027e+01
8.012042116728141536e+02 1.459807073954983991e+02
8.012198297632663753e+02 1.878285101822079355e+02
8.012354478537185969e+02 1.401414790996784632e+02
8.012510659441709322e+02 1.625251875669881940e+02
8.012666840346231538e+02 1.396548767416934709e+02
8.012823021250753754e+02 1.347888531618435195e+02
8.012979202155277108e+02 1.265166130760986078e+02
8.013135383059799324e+02 1.323558413719185296e+02
8.013291563964321540e+02 1.469539121114683837e+02
8.013447744868844893e+02 1.138649517684887371e+02
8.013603925773367109e+02 1.576591639871382711e+02
8.013760106677890462e+02 1.386816720257234579e+02
8.013916287582412679e+02 1.620385852090032017e+02
8.014072468486934895e+02 1.532797427652733120e+02
8.014228649391458248e+02 1.596055734190782402e+02
8.014384830295980464e+02 1.571725616291532504e+02
8.014541011200502680e+02 1.586323687031082557e+02
8.014697192105026033e+02 1.561993569131832658e+02
8.014853373009548250e+02 1.761500535905680636e+02
8.015009553914070466e+02 1.746902465166130582e+02
8.015165734818593819e+02 1.664180064308681608e+02
8.015321915723116035e+02 2.345423365487674232e+02
8.015478096627638251e+02 2.943944265809217313e+02
8.015634277532161605e+02 3.844158628081457323e+02
8.015790458436683821e+02 4.540000000000000000e+02
8.015946639341206037e+02 3.829560557341907838e+02
8.016102820245729390e+02 2.462207931404072951e+02
8.016259001150251606e+02 1.386816720257234579e+02
8.016415182054773823e+02 1.338156484458735349e+02
8.016430687679082894e+02 1.430000000000000000e+02
8.016590744985674064e+02 1.280000000000000000e+02
8.016750802292264098e+02 1.640000000000000000e+02
8.016910859598854131e+02 1.490000000000000000e+02
8.017070916905444165e+02 1.340000000000000000e+02
8.017230974212034198e+02 1.760000000000000000e+02
8.017391031518625368e+02 1.270000000000000000e+02
8.017551088825215402e+02 1.380000000000000000e+02
8.017711146131805435e+02 1.450000000000000000e+02
8.017871203438395469e+02 1.660000000000000000e+02
8.018031260744985502e+02 1.420000000000000000e+02
8.018191318051576673e+02 1.630000000000000000e+02
8.018351375358166706e+02 1.690000000000000000e+02
8.018511432664756740e+02 1.580000000000000000e+02
8.018671489971346773e+02 1.420000000000000000e+02
8.018831547277936806e+02 1.660000000000000000e+02
8.018991604584527977e+02 1.500000000000000000e+02
8.019151661891118010e+02 1.260000000000000000e+02
8.019311719197708044e+02 1.880000000000000000e+02
8.019471776504298077e+02 1.780000000000000000e+02
8.019631833810888111e+02 1.940000000000000000e+02
8.019791891117479281e+02 2.070000000000000000e+02
8.019951948424069315e+02 1.650000000000000000e+02
8.020112005730659348e+02 1.880000000000000000e+02
8.020272063037249382e+02 1.660000000000000000e+02
8.020432120343839415e+02 1.690000000000000000e+02
8.020592177650430585e+02 1.870000000000000000e+02
8.020752234957020619e+02 1.580000000000000000e+02
8.020912292263610652e+02 1.630000000000000000e+02
8.021072349570200686e+02 1.790000000000000000e+02
8.021232406876790719e+02 1.450000000000000000e+02
8.021392464183381890e+02 1.920000000000000000e+02
8.021552521489971923e+02 1.740000000000000000e+02
8.021712578796561957e+02 2.030000000000000000e+02
8.021872636103151990e+02 1.730000000000000000e+02
8.022032693409742024e+02 1.780000000000000000e+02
8.022192750716332057e+02 1.790000000000000000e+02
8.022352808022923227e+02 2.100000000000000000e+02
8.022512865329513261e+02 1.730000000000000000e+02
8.022672922636103294e+02 2.280000000000000000e+02
8.022832979942693328e+02 1.660000000000000000e+02
8.022993037249283361e+02 1.540000000000000000e+02
8.023153094555874532e+02 2.170000000000000000e+02
8.023313151862464565e+02 1.600000000000000000e+02
8.023473209169054599e+02 2.030000000000000000e+02
8.023633266475644632e+02 1.760000000000000000e+02
8.023793323782234665e+02 1.520000000000000000e+02
8.023953381088825836e+02 1.610000000000000000e+02
8.024113438395415869e+02 1.360000000000000000e+02
8.024273495702005903e+02 1.560000000000000000e+02
8.024433553008595936e+02 1.480000000000000000e+02
8.024593610315185970e+02 1.590000000000000000e+02
8.024753667621777140e+02 1.560000000000000000e+02
8.024913724928367174e+02 1.470000000000000000e+02
8.025073782234957207e+02 1.250000000000000000e+02
8.025233839541547241e+02 1.450000000000000000e+02
8.025393896848137274e+02 1.360000000000000000e+02
8.025553954154728444e+02 1.260000000000000000e+02
8.025714011461318478e+02 1.140000000000000000e+02
8.025874068767908511e+02 1.240000000000000000e+02
8.026034126074498545e+02 1.330000000000000000e+02
8.026194183381088578e+02 1.370000000000000000e+02
8.026354240687679749e+02 1.730000000000000000e+02
8.026514297994269782e+02 1.760000000000000000e+02
8.026674355300859816e+02 1.720000000000000000e+02
8.026834412607449849e+02 2.140000000000000000e+02
8.026994469914039882e+02 2.040000000000000000e+02
8.027154527220631053e+02 2.500000000000000000e+02
8.027314584527221086e+02 2.320000000000000000e+02
8.027474641833811120e+02 2.600000000000000000e+02
8.027634699140401153e+02 2.840000000000000000e+02
8.027794756446991187e+02 2.590000000000000000e+02
8.027954813753582357e+02 2.830000000000000000e+02
8.028114871060172391e+02 2.950000000000000000e+02
8.028274928366762424e+02 3.830000000000000000e+02
8.028434985673352458e+02 6.160000000000000000e+02
8.028595042979942491e+02 4.470000000000000000e+02
8.028755100286533661e+02 2.510000000000000000e+02
8.028915157593123695e+02 1.880000000000000000e+02
8.029075214899713728e+02 1.660000000000000000e+02
8.029235272206303762e+02 1.170000000000000000e+02
8.029395329512893795e+02 1.430000000000000000e+02
8.029555386819484966e+02 8.500000000000000000e+01
8.029715444126074999e+02 8.700000000000000000e+01
8.029875501432665033e+02 1.020000000000000000e+02
8.030035558739255066e+02 1.010000000000000000e+02
8.030195616045845100e+02 1.160000000000000000e+02
8.030355673352436270e+02 1.100000000000000000e+02
8.030515730659026303e+02 9.000000000000000000e+01
8.030675787965616337e+02 8.100000000000000000e+01
8.030835845272206370e+02 8.700000000000000000e+01
8.030995902578796404e+02 7.000000000000000000e+01
8.031155959885387574e+02 7.900000000000000000e+01
8.031316017191977608e+02 9.800000000000000000e+01
8.031476074498567641e+02 8.500000000000000000e+01
8.031636131805157675e+02 7.900000000000000000e+01
8.031796189111747708e+02 1.160000000000000000e+02
8.031956246418338878e+02 8.500000000000000000e+01
8.032116303724928912e+02 1.000000000000000000e+02
8.032276361031518945e+02 1.100000000000000000e+02
8.032436418338108979e+02 1.240000000000000000e+02
8.032596475644699012e+02 1.240000000000000000e+02
8.032756532951290183e+02 1.140000000000000000e+02
8.032916590257880216e+02 1.390000000000000000e+02
8.033076647564470250e+02 1.410000000000000000e+02
8.033236704871060283e+02 1.300000000000000000e+02
8.033396762177650317e+02 1.400000000000000000e+02
8.033556819484241487e+02 1.590000000000000000e+02
8.033716876790831520e+02 1.400000000000000000e+02
8.033876934097421554e+02 1.600000000000000000e+02
8.034036991404011587e+02 1.340000000000000000e+02
8.034197048710601621e+02 1.130000000000000000e+02
8.034357106017192791e+02 1.560000000000000000e+02
8.034517163323782825e+02 1.730000000000000000e+02
8.034677220630372858e+02 1.150000000000000000e+02
8.034837277936962892e+02 1.380000000000000000e+02
8.034997335243552925e+02 1.490000000000000000e+02
8.035157392550144095e+02 1.420000000000000000e+02
8.035317449856734129e+02 1.770000000000000000e+02
8.035477507163324162e+02 1.340000000000000000e+02
8.035637564469914196e+02 1.550000000000000000e+02
8.035797621776504229e+02 1.600000000000000000e+02
8.035957679083094263e+02 1.420000000000000000e+02
8.036117736389685433e+02 1.290000000000000000e+02
8.036277793696275467e+02 1.530000000000000000e+02
8.036437851002865500e+02 1.220000000000000000e+02
8.036597908309455534e+02 1.820000000000000000e+02
8.036757965616045567e+02 1.580000000000000000e+02
8.036918022922636737e+02 1.080000000000000000e+02
8.037078080229226771e+02 1.610000000000000000e+02
8.037238137535816804e+02 1.290000000000000000e+02
8.037398194842406838e+02 1.310000000000000000e+02
8.037558252148996871e+02 1.230000000000000000e+02
8.037718309455588042e+02 1.200000000000000000e+02
8.037878366762178075e+02 1.440000000000000000e+02
8.038038424068768109e+02 1.590000000000000000e+02
8.038198481375358142e+02 1.100000000000000000e+02
8.038358538681948176e+02 1.250000000000000000e+02
8.038518595988539346e+02 1.280000000000000000e+02
8.038678653295129379e+02 1.070000000000000000e+02
8.038838710601719413e+02 9.700000000000000000e+01
8.038998767908309446e+02 1.460000000000000000e+02
8.039158825214899480e+02 9.800000000000000000e+01
8.039318882521490650e+02 1.260000000000000000e+02
8.039478939828080684e+02 1.260000000000000000e+02
8.039638997134670717e+02 1.390000000000000000e+02
8.039799054441260751e+02 1.450000000000000000e+02
8.039959111747850784e+02 1.290000000000000000e+02
8.040119169054441954e+02 1.400000000000000000e+02
8.040279226361031988e+02 1.520000000000000000e+02
8.040439283667622021e+02 1.990000000000000000e+02
8.040599340974212055e+02 2.400000000000000000e+02
8.040759398280802088e+02 2.520000000000000000e+02
8.040919455587393259e+02 1.840000000000000000e+02
8.041079512893983292e+02 1.490000000000000000e+02
8.041239570200573326e+02 1.440000000000000000e+02
8.041399627507163359e+02 1.080000000000000000e+02
8.041559684813753393e+02 1.190000000000000000e+02
8.041719742120344563e+02 1.190000000000000000e+02
8.041879799426934596e+02 1.100000000000000000e+02
8.042039856733524630e+02 1.260000000000000000e+02
8.042199914040114663e+02 1.360000000000000000e+02
8.042359971346704697e+02 1.230000000000000000e+02
8.042520028653295867e+02 1.100000000000000000e+02
8.042680085959885901e+02 7.900000000000000000e+01
8.042840143266475934e+02 9.400000000000000000e+01
8.043000200573065968e+02 9.600000000000000000e+01
8.043160257879656001e+02 1.000000000000000000e+02
8.043320315186247171e+02 8.900000000000000000e+01
8.043480372492837205e+02 8.400000000000000000e+01
8.043640429799427238e+02 7.300000000000000000e+01
8.043800487106017272e+02 9.500000000000000000e+01
8.043960544412607305e+02 8.700000000000000000e+01
8.044120601719198476e+02 1.180000000000000000e+02
8.044280659025788509e+02 9.000000000000000000e+01
8.044440716332378543e+02 9.400000000000000000e+01
8.044600773638968576e+02 9.700000000000000000e+01
8.044760830945558610e+02 9.000000000000000000e+01
8.044920888252149780e+02 1.020000000000000000e+02
8.045080945558739813e+02 8.700000000000000000e+01
8.045241002865329847e+02 9.200000000000000000e+01
8.045401060171919880e+02 8.200000000000000000e+01
8.045561117478509914e+02 9.000000000000000000e+01
8.045721174785101084e+02 9.900000000000000000e+01
8.045881232091691118e+02 9.000000000000000000e+01
8.046041289398281151e+02 8.700000000000000000e+01
8.046201346704871185e+02 1.060000000000000000e+02
8.046361404011461218e+02 8.100000000000000000e+01
8.046521461318052388e+02 9.300000000000000000e+01
8.046681518624642422e+02 8.800000000000000000e+01
8.046841575931232455e+02 7.800000000000000000e+01
8.047001633237822489e+02 9.100000000000000000e+01
8.047161690544412522e+02 1.080000000000000000e+02
8.047321747851003693e+02 9.700000000000000000e+01
8.047481805157593726e+02 9.100000000000000000e+01
8.047641862464183760e+02 1.010000000000000000e+02
8.047801919770773793e+02 8.900000000000000000e+01
8.047961977077363827e+02 1.020000000000000000e+02
8.048122034383954997e+02 1.330000000000000000e+02
8.048282091690545030e+02 1.140000000000000000e+02
8.048442148997135064e+02 1.050000000000000000e+02
8.048602206303725097e+02 1.320000000000000000e+02
8.048762263610315131e+02 1.160000000000000000e+02
8.048922320916906301e+02 1.430000000000000000e+02
8.049082378223496335e+02 1.340000000000000000e+02
8.049242435530086368e+02 1.400000000000000000e+02
8.049402492836676402e+02 1.630000000000000000e+02
8.049562550143266435e+02 1.610000000000000000e+02
8.049722607449856469e+02 1.330000000000000000e+02
8.049882664756447639e+02 1.480000000000000000e+02
8.050042722063037672e+02 1.750000000000000000e+02
8.050202779369627706e+02 1.360000000000000000e+02
8.050362836676217739e+02 1.350000000000000000e+02
8.050522893982807773e+02 8.600000000000000000e+01
8.050682951289398943e+02 1.140000000000000000e+02
8.050843008595988977e+02 9.300000000000000000e+01
8.051003065902579010e+02 9.900000000000000000e+01
8.051163123209169044e+02 9.100000000000000000e+01
8.051323180515759077e+02 9.800000000000000000e+01
8.051483237822350247e+02 9.800000000000000000e+01
8.051643295128940281e+02 1.140000000000000000e+02
8.051803352435530314e+02 8.500000000000000000e+01
8.051963409742120348e+02 7.900000000000000000e+01
8.052123467048710381e+02 8.200000000000000000e+01
8.052283524355301552e+02 7.800000000000000000e+01
8.052443581661891585e+02 7.100000000000000000e+01
8.052603638968481619e+02 6.900000000000000000e+01
8.052763696275071652e+02 8.500000000000000000e+01
8.052923753581661686e+02 5.700000000000000000e+01
8.053083810888252856e+02 4.900000000000000000e+01
8.053243868194842889e+02 7.100000000000000000e+01
8.053403925501432923e+02 7.000000000000000000e+01
8.053563982808022956e+02 6.000000000000000000e+01
8.053724040114612990e+02 5.800000000000000000e+01
8.053884097421204160e+02 4.300000000000000000e+01
8.054044154727794194e+02 4.800000000000000000e+01
8.054204212034384227e+02 5.800000000000000000e+01
8.054364269340974261e+02 4.900000000000000000e+01
8.054524326647564294e+02 4.600000000000000000e+01
8.054684383954155464e+02 8.100000000000000000e+01
8.054844441260745498e+02 7.600000000000000000e+01
8.055004498567335531e+02 5.700000000000000000e+01
8.055164555873925565e+02 7.100000000000000000e+01
8.055324613180515598e+02 7.200000000000000000e+01
8.055484670487106769e+02 6.200000000000000000e+01
8.055644727793696802e+02 6.500000000000000000e+01
8.055804785100286836e+02 6.800000000000000000e+01
8.055964842406876869e+02 7.500000000000000000e+01
8.056124899713466903e+02 6.000000000000000000e+01
8.056284957020058073e+02 7.000000000000000000e+01
8.056445014326648106e+02 7.700000000000000000e+01
8.056605071633238140e+02 7.900000000000000000e+01
8.056765128939828173e+02 8.200000000000000000e+01
8.056925186246418207e+02 8.000000000000000000e+01
8.057085243553009377e+02 8.900000000000000000e+01
8.057245300859599411e+02 9.800000000000000000e+01
8.057405358166189444e+02 8.500000000000000000e+01
8.057565415472779478e+02 8.800000000000000000e+01
8.057725472779369511e+02 8.900000000000000000e+01
8.057885530085960681e+02 7.400000000000000000e+01
8.058045587392550715e+02 9.400000000000000000e+01
8.058205644699140748e+02 7.300000000000000000e+01
8.058365702005730782e+02 1.040000000000000000e+02
8.058525759312320815e+02 8.900000000000000000e+01
8.058685816618911986e+02 6.800000000000000000e+01
8.058845873925502019e+02 9.300000000000000000e+01
8.059005931232092053e+02 7.900000000000000000e+01
8.059165988538682086e+02 9.800000000000000000e+01
8.059326045845272120e+02 6.900000000000000000e+01
8.059486103151863290e+02 7.500000000000000000e+01
8.059646160458453323e+02 7.400000000000000000e+01
8.059806217765043357e+02 8.000000000000000000e+01
8.059966275071633390e+02 8.000000000000000000e+01
8.060126332378223424e+02 1.190000000000000000e+02
8.060286389684814594e+02 7.500000000000000000e+01
8.060446446991404628e+02 1.190000000000000000e+02
8.060606504297994661e+02 1.040000000000000000e+02
8.060766561604584695e+02 9.100000000000000000e+01
8.060926618911174728e+02 1.000000000000000000e+02
8.061086676217765898e+02 8.200000000000000000e+01
8.061246733524355932e+02 1.000000000000000000e+02
8.061406790830945965e+02 9.900000000000000000e+01
8.061566848137535999e+02 9.200000000000000000e+01
8.061726905444126032e+02 7.500000000000000000e+01
8.061886962750717203e+02 8.100000000000000000e+01
8.062047020057307236e+02 6.400000000000000000e+01
8.062207077363897270e+02 8.700000000000000000e+01
8.062367134670487303e+02 9.200000000000000000e+01
8.062527191977077337e+02 8.900000000000000000e+01
8.062687249283668507e+02 6.400000000000000000e+01
8.062847306590258540e+02 8.500000000000000000e+01
8.063007363896848574e+02 8.900000000000000000e+01
8.063167421203438607e+02 1.030000000000000000e+02
8.063327478510028641e+02 1.150000000000000000e+02
8.063487535816618674e+02 1.060000000000000000e+02
8.063647593123209845e+02 1.420000000000000000e+02
8.063807650429799878e+02 1.290000000000000000e+02
8.063967707736389912e+02 1.320000000000000000e+02
8.064127765042979945e+02 1.350000000000000000e+02
8.064287822349569979e+02 9.400000000000000000e+01
8.064447879656161149e+02 1.310000000000000000e+02
8.064607936962751182e+02 1.150000000000000000e+02
8.064767994269341216e+02 1.150000000000000000e+02
8.064928051575931249e+02 1.030000000000000000e+02
8.065088108882521283e+02 1.000000000000000000e+02
8.065248166189112453e+02 1.020000000000000000e+02
8.065408223495702487e+02 1.060000000000000000e+02
8.065568280802292520e+02 8.700000000000000000e+01
8.065728338108882554e+02 9.900000000000000000e+01
8.065888395415472587e+02 1.070000000000000000e+02
8.066048452722063757e+02 1.020000000000000000e+02
8.066208510028653791e+02 9.900000000000000000e+01
8.066368567335243824e+02 1.150000000000000000e+02
8.066528624641833858e+02 1.020000000000000000e+02
8.066688681948423891e+02 9.000000000000000000e+01
8.066848739255015062e+02 1.270000000000000000e+02
8.067008796561605095e+02 9.700000000000000000e+01
8.067168853868195129e+02 1.050000000000000000e+02
8.067328911174785162e+02 1.100000000000000000e+02
8.067488968481375196e+02 9.700000000000000000e+01
8.067649025787966366e+02 1.270000000000000000e+02
8.067809083094556399e+02 1.360000000000000000e+02
8.067969140401146433e+02 1.480000000000000000e+02
8.068129197707736466e+02 1.440000000000000000e+02
8.068289255014326500e+02 1.490000000000000000e+02
8.068449312320917670e+02 1.130000000000000000e+02
8.068609369627507704e+02 9.100000000000000000e+01
8.068784201680672368e+02 9.670673076923077360e+01
8.068946890756302537e+02 9.885576923076922640e+01
8.069109579831932706e+02 1.181971153846153868e+02
8.069272268907562875e+02 9.670673076923077360e+01
8.069434957983193044e+02 1.174807692307692264e+02
8.069597647058823213e+02 7.378365384615385381e+01
8.069760336134453382e+02 8.524519230769230660e+01
8.069923025210083551e+02 8.739423076923077360e+01
8.070085714285713721e+02 7.593269230769230660e+01
8.070248403361343890e+02 8.596153846153846700e+01
8.070411092436974059e+02 7.879807692307691980e+01
8.070573781512605365e+02 7.306730769230769340e+01
8.070736470588235534e+02 6.303846153846154010e+01
8.070899159663865703e+02 7.593269230769230660e+01
8.071061848739495872e+02 6.662019230769230660e+01
8.071224537815126041e+02 7.020192307692308020e+01
8.071387226890756210e+02 7.235096153846153300e+01
8.071549915966386379e+02 8.237980769230769340e+01
8.071712605042016548e+02 7.951442307692308020e+01
8.071875294117646717e+02 7.808173076923077360e+01
8.072037983193276887e+02 9.025961538461538680e+01
8.072200672268907056e+02 9.670673076923077360e+01
8.072363361344537225e+02 9.240865384615385381e+01
8.072526050420167394e+02 1.067355769230769198e+02
8.072688739495797563e+02 8.237980769230769340e+01
8.072851428571428869e+02 1.031538461538461604e+02
8.073014117647059038e+02 1.024375000000000000e+02
8.073176806722689207e+02 1.167644230769230802e+02
8.073339495798319376e+02 1.697740384615384528e+02
8.073502184873949545e+02 1.862500000000000000e+02
8.073664873949579714e+02 2.149038461538461604e+02
8.073827563025209884e+02 2.406923076923077076e+02
8.073990252100840053e+02 2.442740384615384528e+02
8.074152941176470222e+02 2.679134615384615472e+02
8.074315630252100391e+02 2.621826923076923208e+02
8.074478319327730560e+02 2.371105769230769340e+02
8.074641008403360729e+02 1.024375000000000000e+02
8.074803697478990898e+02 1.038701923076923066e+02
8.074966386554622204e+02 7.521634615384616041e+01
8.075129075630252373e+02 6.948557692307691980e+01
8.075291764705882542e+02 6.088942307692308020e+01
8.075454453781512711e+02 5.444230769230769340e+01
8.075617142857142881e+02 6.232211538461538680e+01
8.075779831932773050e+02 6.303846153846154010e+01
8.075942521008403219e+02 5.802403846153845990e+01
8.076105210084033388e+02 6.876923076923077360e+01
8.076267899159663557e+02 7.020192307692308020e+01
8.076430588235293726e+02 6.948557692307691980e+01
8.076593277310923895e+02 4.369711538461538680e+01
8.076755966386554064e+02 7.951442307692308020e+01
8.076918655462184233e+02 8.524519230769230660e+01
8.077081344537815539e+02 6.733653846153846700e+01
8.077244033613445708e+02 6.017307692307692690e+01
8.077406722689075877e+02 6.948557692307691980e+01
8.077569411764706047e+02 7.378365384615385381e+01
8.077732100840336216e+02 5.945673076923076650e+01
8.077894789915966385e+02 7.951442307692308020e+01
8.078057478991596554e+02 8.023076923076922640e+01
8.078220168067226723e+02 7.521634615384616041e+01
8.078382857142856892e+02 7.951442307692308020e+01
8.078545546218487061e+02 6.518750000000000000e+01
8.078708235294117230e+02 7.808173076923077360e+01
8.078870924369747399e+02 6.948557692307691980e+01
8.079033613445377568e+02 8.739423076923077360e+01
8.079196302521008874e+02 1.067355769230769198e+02
8.079358991596639044e+02 8.166346153846153300e+01
8.079521680672269213e+02 8.739423076923077360e+01
8.079684369747899382e+02 1.167644230769230802e+02
8.079847058823529551e+02 1.038701923076923066e+02
8.080009747899159720e+02 1.267932692307692264e+02
8.080172436974789889e+02 1.962788461538461604e+02
8.080335126050420058e+02 1.382548076923077076e+02
8.080497815126050227e+02 1.138990384615384670e+02
8.080660504201680396e+02 7.736538461538461320e+01
8.080823193277310565e+02 1.045865384615384670e+02
8.080985882352940735e+02 8.381250000000000000e+01
8.081148571428570904e+02 1.017211538461538538e+02
8.081311260504202210e+02 1.074519230769230802e+02
8.081473949579832379e+02 7.808173076923077360e+01
8.081636638655462548e+02 9.742307692307691980e+01
8.081799327731092717e+02 7.808173076923077360e+01
8.081962016806722886e+02 9.312500000000000000e+01
8.082124705882353055e+02 1.031538461538461604e+02
8.082287394957983224e+02 8.381250000000000000e+01
8.082450084033613393e+02 1.146153846153846132e+02
8.082612773109243562e+02 1.210625000000000000e+02
8.082775462184873732e+02 9.670673076923077360e+01
8.082938151260503901e+02 9.169230769230769340e+01
8.083100840336134070e+02 9.885576923076922640e+01
8.083263529411764239e+02 9.742307692307691980e+01
8.083426218487394408e+02 9.813942307692308020e+01
8.083588907563025714e+02 1.196298076923076934e+02
8.083751596638655883e+02 9.312500000000000000e+01
8.083914285714286052e+02 1.117500000000000000e+02
8.084076974789916221e+02 9.097596153846153300e+01
8.084239663865546390e+02 1.447019230769230660e+02
8.084402352941176559e+02 1.267932692307692264e+02
8.084565042016806728e+02 1.339567307692307736e+02
8.084727731092436898e+02 1.375384615384615472e+02
8.084890420168067067e+02 1.769375000000000000e+02
8.085053109243697236e+02 1.597451923076923208e+02
8.085215798319327405e+02 1.826682692307692264e+02
8.085378487394957574e+02 1.661923076923077076e+02
8.085541176470587743e+02 1.461346153846153868e+02
8.085703865546219049e+02 7.450000000000000000e+01
8.085866554621849218e+02 8.023076923076922640e+01
8.086029243697479387e+02 7.163461538461538680e+01
8.086191932773109556e+02 9.527403846153846700e+01
8.086354621848739725e+02 8.524519230769230660e+01
8.086517310924369895e+02 9.813942307692308020e+01
8.086680000000000064e+02 9.384134615384616041e+01
8.086679122137404647e+02 9.520555771911126897e+01
8.086842061068703060e+02 1.083848704126487661e+02
8.087005000000000337e+02 1.131773477557533170e+02
8.087167938931297613e+02 8.082812568979761636e+01
8.087330877862596026e+02 9.400743838333512770e+01
8.087493816793893302e+02 8.322436436134989890e+01
8.087656755725191715e+02 8.681872236867830850e+01
8.087819694656488991e+02 1.155735864273055853e+02
8.087982633587786268e+02 9.760179639066353730e+01
8.088145572519084681e+02 8.681872236867830850e+01
8.088308511450381957e+02 7.963000635402148930e+01
8.088471450381679233e+02 1.131773477557533170e+02
8.088634389312977646e+02 1.191679444346339949e+02
8.088797328244274922e+02 1.107811090842010344e+02
8.088960267175573335e+02 1.047905124053203565e+02
8.089123206106870612e+02 9.760179639066353730e+01
8.089286145038167888e+02 9.640367705488739603e+01
8.089449083969466301e+02 9.879991572643967856e+01
8.089612022900763577e+02 9.879991572643967856e+01
8.089774961832060853e+02 1.167717057630817266e+02
8.089937900763359266e+02 1.131773477557533170e+02
8.090100839694656543e+02 8.562060303290216723e+01
8.090263778625954956e+02 1.047905124053203565e+02
8.090426717557252232e+02 9.640367705488739603e+01
8.090589656488549508e+02 1.119792284199771757e+02
8.090752595419847921e+02 9.280931904755898643e+01
8.090915534351145197e+02 1.239604217777385458e+02
8.091078473282443611e+02 9.520555771911126897e+01
8.091241412213740887e+02 1.059886317410964978e+02
8.091404351145038163e+02 8.202624502557375763e+01
8.091567290076336576e+02 9.760179639066353730e+01
8.091730229007633852e+02 1.287528991208430966e+02
8.091893167938931128e+02 1.347434957997237746e+02
8.092056106870229542e+02 1.431303311501567350e+02
8.092219045801526818e+02 1.131773477557533170e+02
8.092381984732825231e+02 1.107811090842010344e+02
8.092544923664122507e+02 1.035923930695442152e+02
8.092707862595419783e+02 1.371397344712760571e+02
8.092870801526718196e+02 1.119792284199771757e+02
8.093033740458015473e+02 1.335453764639476333e+02
8.093196679389313886e+02 9.640367705488739603e+01
8.093359618320611162e+02 1.083848704126487661e+02
8.093522557251908438e+02 1.035923930695442152e+02
8.093685496183206851e+02 1.095829897484249074e+02
8.093848435114504127e+02 1.023942737337680882e+02
8.094011374045801404e+02 1.107811090842010344e+02
8.094174312977099817e+02 1.119792284199771757e+02
8.094337251908397093e+02 1.335453764639476333e+02
8.094500190839695506e+02 1.047905124053203565e+02
8.094663129770992782e+02 9.520555771911126897e+01
8.094826068702290058e+02 1.419322118143805938e+02
8.094989007633588471e+02 1.658945985299033339e+02
8.095151946564885748e+02 1.658945985299033339e+02
8.095314885496183024e+02 1.814701498949930851e+02
8.095477824427481437e+02 2.509610713700090230e+02
8.095640763358778713e+02 2.341874006691431020e+02
8.095803702290077126e+02 2.198099686398294637e+02
8.095966641221374402e+02 2.461685940269044863e+02
8.096129580152671679e+02 1.587058825152465147e+02
8.096292519083970092e+02 1.143754670915294440e+02
8.096455458015267368e+02 1.083848704126487661e+02
8.096618396946565781e+02 1.263566604492908141e+02
8.096781335877863057e+02 1.059886317410964978e+02
8.096944274809160333e+02 1.215641831061862632e+02
8.097107213740458747e+02 1.131773477557533170e+02
8.097270152671756023e+02 1.203660637704101362e+02
8.097433091603053299e+02 9.640367705488739603e+01
8.097596030534351712e+02 1.095829897484249074e+02
8.097758969465648988e+02 1.263566604492908141e+02
8.097921908396947401e+02 1.287528991208430966e+02
8.098084847328244678e+02 1.419322118143805938e+02
8.098247786259541954e+02 1.275547797850669554e+02
8.098410725190840367e+02 1.287528991208430966e+02
8.098573664122137643e+02 1.443284504859328763e+02
8.098736603053434919e+02 1.203660637704101362e+02
8.098899541984733332e+02 1.263566604492908141e+02
8.099062480916030609e+02 1.599040018510226275e+02
8.099225419847329022e+02 1.191679444346339949e+02
8.099388358778626298e+02 1.323472571281714920e+02
8.099551297709923574e+02 1.539134051721419496e+02
8.099714236641221987e+02 1.215641831061862632e+02
8.099877175572519263e+02 1.634983598583510513e+02
8.100040114503817676e+02 1.431303311501567350e+02
8.100203053435114953e+02 1.371397344712760571e+02
8.100365992366412229e+02 1.131773477557533170e+02
8.100528931297710642e+02 1.191679444346339949e+02
8.100691870229007918e+02 1.551115245079180909e+02
8.100854809160305194e+02 1.335453764639476333e+02
8.101017748091603607e+02 1.730833145445601531e+02
8.101180687022900884e+02 1.383378538070521699e+02
8.101343625954199297e+02 1.419322118143805938e+02
8.101506564885496573e+02 1.658945985299033339e+02
8.101669503816793849e+02 1.203660637704101362e+02
8.101832442748092262e+02 1.323472571281714920e+02
8.101995381679389538e+02 1.131773477557533170e+02
8.102158320610686815e+02 1.203660637704101362e+02
8.102321259541985228e+02 1.515171665005896955e+02
8.102484198473282504e+02 1.335453764639476333e+02
8.102647137404580917e+02 1.527152858363658083e+02
8.102810076335878193e+02 1.479228084932612717e+02
8.102973015267175469e+02 1.251585411135146728e+02
8.103135954198473883e+02 1.251585411135146728e+02
8.103298893129771159e+02 1.323472571281714920e+02
8.103461832061069572e+02 1.730833145445601531e+02
8.103624770992366848e+02 1.107811090842010344e+02
8.103787709923664124e+02 1.611021211867987688e+02
8.103950648854962537e+02 1.155735864273055853e+02
8.104113587786259814e+02 9.879991572643967856e+01
8.104276526717557090e+02 1.095829897484249074e+02
8.104439465648855503e+02 1.251585411135146728e+02
8.104602404580152779e+02 1.431303311501567350e+02
8.104765343511451192e+02 1.035923930695442152e+02
8.104928282442748468e+02 1.455265698217089891e+02
8.105091221374045745e+02 1.323472571281714920e+02
8.105254160305344158e+02 1.323472571281714920e+02
8.105417099236641434e+02 1.347434957997237746e+02
8.105580038167939847e+02 1.227623024419624045e+02
8.105742977099237123e+02 1.587058825152465147e+02
8.105905916030534399e+02 1.431303311501567350e+02
8.106068854961832812e+02 1.251585411135146728e+02
8.106231793893130089e+02 1.215641831061862632e+02
8.106394732824427365e+02 1.275547797850669554e+02
8.106557671755725778e+02 1.131773477557533170e+02
8.106720610687023054e+02 1.371397344712760571e+02
8.106883549618321467e+02 1.203660637704101362e+02
8.107046488549618743e+02 1.335453764639476333e+02
8.107209427480916020e+02 1.299510184566192095e+02
8.107372366412214433e+02 1.227623024419624045e+02
8.107535305343511709e+02 1.011961543979919469e+02
8.107698244274808985e+02 1.347434957997237746e+02
8.107861183206107398e+02 1.131773477557533170e+02
8.108024122137404675e+02 9.999803506221580562e+01
8.108187061068703088e+02 1.383378538070521699e+02
8.108350000000000364e+02 1.371397344712760571e+02
