 420.00000  1.90000000e+01  1.95000000e+01
 420.10000  2.00000000e+01  1.85000000e+01
 420.20000  1.70000000e+01  1.95000000e+01
 420.30000  2.20000000e+01  1.90000000e+01
 420.40000  1.60000000e+01  1.70000000e+01
 420.50000  1.80000000e+01  2.35000000e+01
 420.60000  2.90000000e+01  2.65000000e+01
 420.70000  2.40000000e+01  2.05000000e+01
 420.80000  1.70000000e+01  2.05000000e+01
 420.90000  2.40000000e+01  2.05000000e+01
 421.00000  1.70000000e+01  1.85000000e+01
 421.10000  2.00000000e+01  2.45000000e+01
 421.20000  2.90000000e+01  2.65000000e+01
 421.30000  2.40000000e+01  2.05000000e+01
 421.40000  1.70000000e+01  2.15000000e+01
 421.50000  2.60000000e+01  2.35000000e+01
 421.60000  2.10000000e+01  1.80000000e+01
 421.70000  1.50000000e+01  1.90000000e+01
 421.80000  2.30000000e+01  2.40000000e+01
 421.90000  2.50000000e+01  2.15000000e+01
 422.00000  1.80000000e+01  2.00000000e+01
 422.10000  2.20000000e+01  1.70000000e+01
 422.20000  1.20000000e+01  1.60000000e+01
 422.30000  2.00000000e+01  1.75000000e+01
 422.40000  1.50000000e+01  1.55000000e+01
 422.50000  1.60000000e+01  1.70000000e+01
 422.60000  1.80000000e+01  2.05000000e+01
 422.70000  2.30000000e+01  2.10000000e+01
 422.80000  1.90000000e+01  2.00000000e+01
 422.90000  2.10000000e+01  1.90000000e+01
 423.00000  1.70000000e+01  2.10000000e+01
 423.10000  2.50000000e+01  2.20000000e+01
 423.20000  1.90000000e+01  2.15000000e+01
 423.30000  2.40000000e+01  2.30000000e+01
 423.40000  2.20000000e+01  2.50000000e+01
 423.50000  1.93694094e+01 -2.52850433e-02
 423.60000  1.91464985e+01 -1.76727031e-02
 423.70000  1.90239909e+01 -1.26425203e-02
 423.80000  1.89246444e+01 -1.60630437e-02
 423.90000  1.88708648e+01 -1.00268284e-02
 424.00000  1.86174780e+01 -6.57277065e-03
 424.10000  1.84766245e+01 -4.59423166e-03
 424.20000  1.85700235e+01  1.16364853e-02
 424.30000  1.86105825e+01  2.07914148e-02
 424.40000  1.85351184e+01  2.03219310e-02
 424.50000  1.85381131e+01  3.27967783e-02
 424.60000  1.84332637e+01  3.55466114e-02
 424.70000  1.85012871e+01  3.57478199e-02
 424.80000  1.86556127e+01  5.38229351e-02
 424.90000  1.87419484e+01  6.59289036e-02
 425.00000  1.87588767e+01  6.59624398e-02
 425.10000  1.91172724e+01  6.84104607e-02
 425.20000  1.91327243e+01  7.92085809e-02
 425.30000  1.90979450e+01  7.89738392e-02
 425.40000  1.93417773e+01  8.21596219e-02
 425.50000  1.94618605e+01  9.83903386e-02
 425.60000  1.95030906e+01  1.03655260e-01
 425.70000  1.97067413e+01  1.09892685e-01
 425.80000  1.97386517e+01  1.01609655e-01
 425.90000  1.99503219e+01  1.01441981e-01
 426.00000  2.01072396e+01  9.16498956e-02
 426.10000  2.01047146e+01  9.23205861e-02
 426.20000  2.03848780e+01  8.09523786e-02
 426.30000  2.06909790e+01  7.92421171e-02
 426.40000  2.07646229e+01  8.10865157e-02
 426.50000  2.07895455e+01  9.10127388e-02
 426.60000  2.05908524e+01  1.05197850e-01
 426.70000  2.09032198e+01  1.10731049e-01
 426.80000  2.10542066e+01  1.11435275e-01
 426.90000  2.12806326e+01  1.20321927e-01
 427.00000  2.15625660e+01  1.21998654e-01
 427.10000  2.18861992e+01  1.36753851e-01
 427.20000  2.20625030e+01  1.39470149e-01
 427.30000  2.23102612e+01  1.43158948e-01
 427.40000  2.27185189e+01  1.32528500e-01
 427.50000  2.28641539e+01  1.36083160e-01
 427.60000  2.31727632e+01  1.27565388e-01
 427.70000  2.35643778e+01  1.17907441e-01
 427.80000  2.36022357e+01  1.15258211e-01
 427.90000  2.37164721e+01  9.44332622e-02
 428.00000  2.36053479e+01  1.04158279e-01
 428.10000  2.36782535e+01  1.06304489e-01
 428.20000  2.37334926e+01  1.06941646e-01
 428.30000  2.40409526e+01  1.05063712e-01
 428.40000  2.41881730e+01  9.71830946e-02
 428.50000  2.41383529e+01  9.96981845e-02
 428.60000  2.45134673e+01  8.18578103e-02
 428.70000  2.47655287e+01  6.89470140e-02
 428.80000  2.45632118e+01  7.36418473e-02
 428.90000  2.46426102e+01  7.43796070e-02
 429.00000  2.46467374e+01  6.41851096e-02
 429.10000  2.45826902e+01  5.36887976e-02
 429.20000  2.47746052e+01  4.90274953e-02
 429.30000  2.47767024e+01  3.71898049e-02
 429.40000  2.49755548e+01  3.72568733e-02
 429.50000  2.51294693e+01  3.50771269e-02
 429.60000  2.51814706e+01  2.34071088e-02
 429.70000  2.51982813e+01  6.94165053e-03
 429.80000  2.52686367e+01  1.54929567e-02
 429.90000  2.51476140e+01  6.10328506e-03
 430.00000  2.47941004e+01 -1.30784715e-03
 430.10000  2.47886478e+01 -3.05164244e-03
 430.20000  2.44824713e+01 -5.03018074e-03
 430.30000  2.45547728e+01 -4.79543972e-03
 430.40000  2.41925435e+01 -1.42857144e-02
 430.50000  2.41928958e+01 -1.92488256e-02
 430.60000  2.42626137e+01 -2.64587508e-02
 430.70000  2.41463640e+01 -1.57612339e-02
 430.80000  2.41855725e+01 -2.05231388e-02
 430.90000  2.39452886e+01 -1.94164981e-02
 431.00000  2.39721658e+01 -2.67270274e-02
 431.10000  2.41109137e+01 -3.14218629e-02
 431.20000  2.39735667e+01 -2.76659950e-02
 431.30000  2.40846238e+01 -3.57142850e-02
 431.40000  2.38777518e+01 -2.82360821e-02
 431.50000  2.36076380e+01 -1.86452040e-02
 431.60000  2.35698052e+01 -1.16029507e-02
 431.70000  2.35466107e+01 -6.94164954e-03
 431.80000  2.33824285e+01 -5.96914795e-03
 431.90000  2.35531287e+01 -9.72501579e-03
 432.00000  2.35376936e+01 -2.61569466e-03
 432.10000  2.37082260e+01 -1.32126086e-02
 432.20000  2.35169065e+01 -2.13950355e-02
 432.30000  2.35373580e+01 -1.29778672e-02
 432.40000  2.34716583e+01 -5.73440711e-03
 432.50000  2.35468624e+01 -1.86787372e-02
 432.60000  2.34986194e+01 -2.98457418e-03
 432.70000  2.35033170e+01  6.74044195e-03
 432.80000  2.36021267e+01  4.62776650e-03
 432.90000  2.35717849e+01  4.92957729e-03
 433.00000  2.35391365e+01  2.78336648e-03
 433.10000  2.34133825e+01 -1.87793357e-03
 433.20000  2.33979390e+01  6.43863174e-03
 433.30000  2.31510449e+01 -9.38968034e-04
 433.40000  2.30909237e+01 -1.33132124e-02
 433.50000  2.30009304e+01 -7.91415083e-03
 433.60000  2.30966447e+01 -1.00603444e-04
 433.70000  2.33146568e+01  2.22333994e-02
 433.80000  2.33868073e+01  1.85446010e-02
 433.90000  2.35934863e+01  1.14352785e-02
 434.00000  2.35721960e+01  2.22669329e-02
 434.10000  2.36840416e+01  1.64319242e-02
 434.20000  2.38553458e+01  1.90811538e-02
 434.30000  2.38140737e+01  3.24614333e-02
 434.40000  2.37243658e+01  4.79879248e-02
 434.50000  2.38204574e+01  2.88397053e-02
 434.60000  2.38453465e+01  4.17840366e-02
 434.70000  2.36592113e+01  4.61099904e-02
 434.80000  2.35137357e+01  4.04761884e-02
 434.90000  2.35832186e+01  4.88933583e-02
 435.00000  2.35258153e+01  4.04761891e-02
 435.10000  2.39138984e+01  4.99999989e-02
 435.20000  2.38922306e+01  6.79409756e-02
 435.30000  2.40135050e+01  7.97451328e-02
 435.40000  2.41236561e+01  7.59557335e-02
 435.50000  2.40500207e+01  8.49765237e-02
 435.60000  2.44384812e+01  9.03420472e-02
 435.70000  2.42527654e+01  8.24278971e-02
 435.80000  2.43535632e+01  6.57947668e-02
 435.90000  2.48204238e+01  7.07578781e-02
 436.00000  2.48631891e+01  8.17907409e-02
 436.10000  2.49440052e+01  8.42722966e-02
 436.20000  2.50927942e+01  8.54124721e-02
 436.30000  2.53111167e+01  7.22333983e-02
 436.40000  2.53814134e+01  6.85110638e-02
 436.50000  2.53831498e+01  6.81421834e-02
 436.60000  2.55213860e+01  5.92890656e-02
 436.70000  2.53362826e+01  6.32461408e-02
 436.80000  2.51741304e+01  6.07310503e-02
 436.90000  2.53073754e+01  6.27095887e-02
 437.00000  2.54365938e+01  5.75117358e-02
 437.10000  2.58855112e+01  4.77867186e-02
 437.20000  2.58402294e+01  5.12743096e-02
 437.30000  2.60209793e+01  5.94232032e-02
 437.40000  2.62180532e+01  4.74178398e-02
 437.50000  2.63440504e+01  5.33199180e-02
 437.60000  2.66214037e+01  3.31656590e-02
 437.70000  2.66626253e+01  1.67002006e-02
 437.80000  2.66589932e+01  3.11200519e-02
 437.90000  2.66615265e+01  2.16297777e-02
 438.00000  2.67850741e+01  2.64252180e-02
 438.10000  2.67335261e+01  1.69014087e-02
 438.20000  2.67110278e+01 -1.07310538e-03
 438.30000  2.66535824e+01  5.86854323e-03
 438.40000  2.64625399e+01 -6.43863162e-03
 438.50000  2.63410641e+01  1.07645869e-02
 438.60000  2.66058596e+01  1.49564052e-02
 438.70000  2.67850155e+01  9.92622419e-03
 438.80000  2.69489041e+01  2.74983241e-03
 438.90000  2.70223718e+01  5.26492199e-03
 439.00000  2.69150392e+01 -6.53923489e-03
 439.10000  2.70999665e+01 -1.46881287e-02
 439.20000  2.69143178e+01 -3.22937609e-02
 439.30000  2.68095774e+01 -3.45405753e-02
 439.40000  2.65673725e+01 -2.38430586e-02
 439.50000  2.66527436e+01 -2.62575443e-02
 439.60000  2.64211168e+01 -4.05767913e-02
 439.70000  2.64538827e+01 -3.46747138e-02
 439.80000  2.65124102e+01 -3.68879937e-02
 439.90000  2.63874113e+01 -4.61435257e-02
 440.00000  2.64479268e+01 -5.76458733e-02
 440.10000  2.60834745e+01 -4.77531848e-02
 440.20000  2.59824419e+01 -4.99329289e-02
 440.30000  2.60620499e+01 -5.54996614e-02
 440.40000  2.59874163e+01 -5.48960409e-02
 440.50000  2.56180567e+01 -5.44265593e-02
 440.60000  2.54897106e+01 -4.81891328e-02
 440.70000  2.54467524e+01 -5.37893998e-02
 440.80000  2.54018648e+01 -4.97317223e-02
 440.90000  2.52874104e+01 -5.86854441e-02
 441.00000  2.50766713e+01 -7.59892651e-02
 441.10000  2.50777534e+01 -7.53185765e-02
 441.20000  2.49920720e+01 -9.46344703e-02
 441.30000  2.46674824e+01 -9.72501629e-02
 441.40000  2.46217979e+01 -9.14486887e-02
 441.50000  2.45408980e+01 -7.46814199e-02
 441.60000  2.42291347e+01 -9.00402374e-02
 441.70000  2.39627705e+01 -7.21998636e-02
 441.80000  2.40420599e+01 -6.73038196e-02
 441.90000  2.39814520e+01 -6.56941615e-02
 442.00000  2.39280583e+01 -6.15358804e-02
 442.10000  2.36962471e+01 -5.61703543e-02
 442.20000  2.36458733e+01 -6.86452010e-02
 442.30000  2.35471560e+01 -4.40979194e-02
 442.40000  2.34753577e+01 -3.02146209e-02
 442.50000  2.33023841e+01 -2.35412467e-02
 442.60000  2.35495887e+01 -1.55264901e-02
 442.70000  2.35652167e+01 -2.27028822e-02
 442.80000  2.36262020e+01 -1.30784716e-02
 442.90000  2.34425582e+01 -1.53923552e-02
 443.00000  2.31741136e+01 -1.32461427e-02
 443.10000  2.33822440e+01 -6.33802655e-03
 443.20000  2.34781259e+01 -1.54258858e-03
 443.30000  2.35802575e+01 -1.34138169e-03
 443.40000  2.33640826e+01 -2.41448684e-03
 443.50000  2.34805250e+01 -5.93561342e-03
 443.60000  2.35776653e+01 -9.38967394e-04
 443.70000  2.35092310e+01 -3.05164338e-03
 443.80000  2.38480141e+01  3.38698935e-03
 443.90000  2.38600854e+01  2.31723675e-02
 444.00000  2.38870380e+01  3.21931565e-02
 444.10000  2.40652964e+01  2.57880610e-02
 444.20000  2.39027667e+01  1.33467473e-02
 444.30000  2.39364386e+01  3.04828947e-02
 444.40000  2.39646412e+01  4.27900724e-02
 444.50000  2.39770228e+01  3.47417841e-02
 444.60000  2.39959056e+01  4.79879248e-02
 444.70000  2.36882108e+01  4.41649871e-02
 444.80000  2.34863803e+01  4.80885291e-02
 444.90000  2.37880606e+01  5.78470813e-02
 445.00000  2.37304727e+01  6.51911446e-02
 445.10000  2.40343256e+01  5.93896694e-02
 445.20000  2.41605659e+01  5.84507016e-02
 445.30000  2.40727287e+01  5.73105266e-02
 445.40000  2.42308124e+01  6.90811502e-02
 445.50000  2.43050517e+01  7.48155587e-02
 445.60000  2.46033010e+01  9.60093862e-02
 445.70000  2.47359252e+01  9.45674002e-02
 445.80000  2.47800578e+01  9.28906735e-02
 445.90000  2.47182420e+01  9.43997282e-02
 446.00000  2.47365209e+01  1.06203886e-01
 446.10000  2.48566292e+01  1.08182423e-01
 446.20000  2.50619240e+01  8.97719619e-02
 446.30000  2.53904312e+01  7.14285696e-02
 446.40000  2.56261768e+01  6.63313185e-02
 446.50000  2.60925761e+01  6.98524446e-02
 446.60000  2.61951019e+01  6.28437267e-02
 446.70000  2.61481676e+01  6.87122718e-02
 446.80000  2.63772862e+01  6.37491599e-02
 446.90000  2.65625238e+01  5.05365508e-02
 447.00000  2.65800142e+01  4.79879251e-02
 447.10000  2.63959341e+01  4.15492945e-02
 447.20000  2.67437350e+01  5.05365514e-02
 447.30000  2.68455646e+01  4.77867183e-02
 447.40000  2.69029260e+01  3.18913469e-02
 447.50000  2.68792701e+01  3.37357465e-02
 447.60000  2.69595828e+01  4.73843034e-02
 447.70000  2.70060223e+01  5.73775965e-02
 447.80000  2.71745246e+01  4.35278329e-02
 447.90000  2.73203777e+01  3.92689460e-02
 448.00000  2.73256709e+01  3.25955717e-02
 448.10000  2.73671862e+01  1.75050293e-02
 448.20000  2.70816709e+01  2.47484890e-02
 448.30000  2.67337190e+01  1.83098582e-02
 448.40000  2.67785143e+01  1.75050301e-02
 448.50000  2.66549246e+01  1.89470148e-02
 448.60000  2.66705526e+01  2.73641831e-02
 448.70000  2.66242893e+01  2.01877934e-02
 448.80000  2.67953754e+01  3.20590191e-02
 448.90000  2.68395751e+01  2.01877928e-02
 449.00000  2.66631958e+01  2.47820247e-02
 449.10000  2.66582633e+01  2.19986575e-02
 449.20000  2.67595308e+01  2.51509037e-02
 449.30000  2.65771956e+01  1.50570082e-02
 449.40000  2.68527285e+01  1.92488259e-02
 449.50000  2.68911399e+01  2.83702207e-02
 449.60000  2.70900847e+01  2.92421182e-02
 449.70000  2.70875429e+01  1.94500325e-02
 449.80000  2.69590040e+01  1.30449354e-02
 449.90000  2.68516547e+01  1.94835666e-02
 450.00000  2.68221351e+01  2.45472834e-02
 450.10000  2.69154250e+01  3.31321249e-02
 450.20000  2.66688749e+01  4.02749809e-02
 450.30000  2.66225948e+01  4.10798104e-02
 450.40000  2.67295162e+01  2.74983229e-02
 450.50000  2.68627109e+01  2.82696169e-02
 450.60000  2.67743619e+01  1.94500323e-02
 450.70000  2.69117256e+01  5.83500910e-03
 450.80000  2.69788598e+01 -2.88397050e-03
 450.90000  2.67899647e+01 -1.28772624e-02
 451.00000  2.67748652e+01  8.04828829e-04
 451.10000  2.68607982e+01  2.68275908e-04
 451.20000  2.66009018e+01 -5.16431878e-03
 451.30000  2.64795603e+01 -7.31052895e-03
 451.40000  2.66126207e+01 -4.66130063e-03
 451.50000  2.65921860e+01  5.23138739e-03
 451.60000  2.64545539e+01  3.08517733e-03
 451.70000  2.65348581e+01  1.03957073e-02
 451.80000  2.67152723e+01  1.54929575e-02
 451.90000  2.66952320e+01  3.61166986e-02
 452.00000  2.66014136e+01  4.10462762e-02
 452.10000  2.65236928e+01  6.58953690e-02
 452.20000  2.65250602e+01  5.35546599e-02
 452.30000  2.65524910e+01  5.29175033e-02
 452.40000  2.67504458e+01  5.46277642e-02
 452.50000  2.69331251e+01  5.76123384e-02
 452.60000  2.69659162e+01  7.00536530e-02
 452.70000  2.72716901e+01  7.29711575e-02
 452.80000  2.72946078e+01  8.06170319e-02
 452.90000  2.74013112e+01  8.92354083e-02
 453.00000  2.77971118e+01  9.19517078e-02
 453.10000  2.81696172e+01  1.04426556e-01
 453.20000  2.83982745e+01  1.12206568e-01
 453.30000  2.85151532e+01  9.95975819e-02
 453.40000  2.83324489e+01  9.24882592e-02
 453.50000  2.82700459e+01  9.43326573e-02
 453.60000  2.83237918e+01  8.39034178e-02
 453.70000  2.83630254e+01  8.27297100e-02
 453.80000  2.85832269e+01  9.33266219e-02
 453.90000  2.85610222e+01  9.18175675e-02
 454.00000  2.84665662e+01  8.62843695e-02
 454.10000  2.86373000e+01  8.40375561e-02
 454.20000  2.89096620e+01  8.29979856e-02
 454.30000  2.88664857e+01  8.53789366e-02
 454.40000  2.89891778e+01  8.03487547e-02
 454.50000  2.87693538e+01  8.20590171e-02
 454.60000  2.88159275e+01  9.04426529e-02
 454.70000  2.90691885e+01  9.51374884e-02
 454.80000  2.90980789e+01  1.13950365e-01
 454.90000  2.91742142e+01  9.90945639e-02
 455.00000  2.91656828e+01  9.69818871e-02
 455.10000  2.91179600e+01  1.01576118e-01
 455.20000  2.90268931e+01  9.61435243e-02
 455.30000  2.96216216e+01  9.19181736e-02
 455.40000  2.98206670e+01  1.01039567e-01
 455.50000  2.97264040e+01  1.11032858e-01
 455.60000  3.01436292e+01  1.04191815e-01
 455.70000  3.05637149e+01  9.64118026e-02
 455.80000  3.06742687e+01  9.34272255e-02
 455.90000  3.10221954e+01  8.32997947e-02
 456.00000  3.10880377e+01  7.07914133e-02
 456.10000  3.15123094e+01  6.55264904e-02
 456.20000  3.16275524e+01  6.04292397e-02
 456.30000  3.18086796e+01  5.05700851e-02
 456.40000  3.19878859e+01  4.19852435e-02
 456.50000  3.20324547e+01  2.74647888e-02
 456.60000  3.21628392e+01  2.60563368e-02
 456.70000  3.21902615e+01  1.27766593e-02
 456.80000  3.22237825e+01 -2.88396952e-03
 456.90000  3.22300824e+01 -8.98725615e-03
 457.00000  3.22360467e+01 -3.15224804e-03
 457.10000  3.23884513e+01 -1.02615688e-02
 457.20000  3.24023513e+01 -1.24413127e-02
 457.30000  3.26708629e+01 -9.59087850e-03
 457.40000  3.28672071e+01 -1.94164988e-02
 457.50000  3.28915761e+01 -4.56405070e-02
 457.60000  3.28654455e+01 -5.97920832e-02
 457.70000  3.27480634e+01 -6.78739087e-02
 457.80000  3.25276858e+01 -9.14151543e-02
 457.90000  3.21589133e+01 -1.01978534e-01
 458.00000  3.19751520e+01 -1.12575449e-01
 458.10000  3.19797154e+01 -1.20489599e-01
 458.20000  3.15279710e+01 -1.22333999e-01
 458.30000  3.12859843e+01 -1.21864517e-01
 458.40000  3.10196621e+01 -1.24882625e-01
 458.50000  3.07142825e+01 -1.36183763e-01
 458.60000  3.04408802e+01 -1.33132121e-01
 458.70000  3.02086411e+01 -1.37089197e-01
 458.80000  2.99834148e+01 -1.44433261e-01
 458.90000  2.98098540e+01 -1.63413810e-01
 459.00000  2.98808052e+01 -1.68745801e-01
 459.10000  2.95338766e+01 -1.59356131e-01
 459.20000  2.97490366e+01 -1.58953716e-01
 459.30000  2.92860430e+01 -1.60496305e-01
 459.40000  2.90671334e+01 -1.66700195e-01
 459.50000  2.85879917e+01 -1.65660624e-01
 459.60000  2.81339823e+01 -1.63514414e-01
 459.70000  2.80239571e+01 -1.61166996e-01
 459.80000  2.76544548e+01 -1.68075110e-01
 459.90000  2.75307141e+01 -1.67572093e-01
 460.00000  2.72484032e+01 -1.59590873e-01
 460.10000  2.69004681e+01 -1.69315888e-01
 460.20000  2.65629013e+01 -1.68209249e-01
 460.30000  2.61948670e+01 -1.59859150e-01
 460.40000  2.59283352e+01 -1.71596237e-01
 460.50000  2.56988977e+01 -1.64017431e-01
 460.60000  2.55704930e+01 -1.58450699e-01
 460.70000  2.51375392e+01 -1.53890002e-01
 460.80000  2.50426973e+01 -1.58651905e-01
 460.90000  2.46639927e+01 -1.44131450e-01
 461.00000  2.46197847e+01 -1.44835675e-01
 461.10000  2.45547643e+01 -1.43863173e-01
 461.20000  2.44975539e+01 -1.55499658e-01
 461.30000  2.42878298e+01 -1.64352778e-01
 461.40000  2.40437795e+01 -1.49128097e-01
 461.50000  2.37975817e+01 -1.49161631e-01
 461.60000  2.36433483e+01 -1.26324609e-01
 461.70000  2.36557636e+01 -1.17370886e-01
 461.80000  2.34371810e+01 -1.08115354e-01
 461.90000  2.35728083e+01 -8.77934251e-02
 462.00000  2.34595200e+01 -8.73239401e-02
 462.10000  2.36046181e+01 -8.41046221e-02
 462.20000  2.36523158e+01 -6.37491599e-02
 462.30000  2.37031005e+01 -4.78202552e-02
 462.40000  2.33135075e+01 -4.38631767e-02
 462.50000  2.34896100e+01 -3.51441955e-02
 462.60000  2.38496499e+01 -1.51576117e-02
 462.70000  2.39087478e+01 -2.21327961e-02
 462.80000  2.38098710e+01 -2.31052978e-02
 462.90000  2.38139982e+01 -7.41113361e-03
 463.00000  2.37125881e+01 -6.03621715e-03
 463.10000  2.38654960e+01 -6.97518344e-03
 463.20000  2.38017257e+01 -1.01944994e-02
 463.30000  2.40852193e+01 -1.67672696e-02
 463.40000  2.40064334e+01 -1.24077802e-02
 463.50000  2.38007106e+01  1.00602861e-04
 463.60000  2.36062203e+01  1.34808851e-02
 463.70000  2.35717933e+01  2.66264248e-02
 463.80000  2.35414685e+01  3.36686774e-02
 463.90000  2.36209927e+01  2.99128093e-02
 464.00000  2.37620726e+01  3.21596230e-02
 464.10000  2.39237886e+01  4.64118012e-02
 464.20000  2.38583237e+01  5.34205207e-02
 464.30000  2.41004195e+01  5.56002673e-02
 464.40000  2.42772266e+01  5.19450018e-02
 464.50000  2.43740230e+01  4.23541228e-02
 464.60000  2.43364756e+01  2.90744452e-02
 464.70000  2.43590661e+01  2.28034863e-02
 464.80000  2.45155560e+01  1.77733064e-02
 464.90000  2.45267045e+01  8.04829050e-03
 465.00000  2.46160266e+01  1.26425208e-02
 465.10000  2.45839988e+01  1.24748479e-02
 465.20000  2.45985531e+01 -8.38362321e-04
 465.30000  2.49333936e+01 -1.97853678e-03
 465.40000  2.49983047e+01  3.15224612e-03
 465.50000  2.51519174e+01  1.30784616e-03
 465.60000  2.49970800e+01  1.01609651e-02
 465.70000  2.50954199e+01  1.77397724e-02
 465.80000  2.52402915e+01  1.35479544e-02
 465.90000  2.52114933e+01  1.41515753e-02
 466.00000  2.50254756e+01  6.20388886e-03
 466.10000  2.47768198e+01 -2.11267569e-03
 466.20000  2.50464975e+01 -2.07914080e-03
 466.30000  2.49513032e+01 -2.33065046e-02
 466.40000  2.51427485e+01 -2.65258212e-02
 466.50000  2.50076245e+01 -3.07847075e-02
 466.60000  2.51640389e+01 -3.01475501e-02
 466.70000  2.52241099e+01 -2.32729700e-02
 466.80000  2.51794069e+01 -2.93762563e-02
 466.90000  2.51451142e+01 -3.18578120e-02
 467.00000  2.48792869e+01 -2.85043589e-02
 467.10000  2.48587935e+01 -2.16968476e-02
 467.20000  2.48769045e+01 -3.14553967e-02
 467.30000  2.47055668e+01 -2.09926213e-02
 467.40000  2.46508227e+01 -5.86854608e-03
 467.50000  2.46011116e+01 -1.69684761e-02
 467.60000  2.46231569e+01 -1.61301126e-02
 467.70000  2.44220144e+01 -9.42320703e-03
 467.80000  2.42581594e+01  1.36820902e-02
 467.90000  2.39782727e+01  1.61636485e-02
 468.00000  2.43980649e+01  1.51240792e-02
 468.10000  2.43216864e+01  8.35010048e-03
 468.20000  2.40933731e+01  1.20053628e-02
 468.30000  2.39148715e+01 -2.54862587e-03
 468.40000  2.35934192e+01 -8.38362903e-04
 468.50000  2.37806870e+01 -1.60965760e-03
 468.60000  2.36139797e+01  3.58819548e-03
 468.70000  2.37986386e+01  8.78604868e-03
 468.80000  2.39895135e+01 -8.35009926e-03
 468.90000  2.37818529e+01  1.14017433e-02
 469.00000  2.36732874e+01  2.01542569e-02
 469.10000  2.36197259e+01  2.15627088e-02
 469.20000  2.34758693e+01  1.55935614e-02
 469.30000  2.35629601e+01  2.02213266e-02
 469.40000  2.35996939e+01  2.60563372e-02
 469.50000  2.37672484e+01  4.02749819e-02
 469.60000  2.37803430e+01  3.78269604e-02
 469.70000  2.37901241e+01  3.76257523e-02
 469.80000  2.36889237e+01  3.36351426e-02
 469.90000  2.38117081e+01  3.07176380e-02
 470.00000  2.39028086e+01  4.21193816e-02
 470.10000  2.41709343e+01  3.69885979e-02
 470.20000  2.41695585e+01  2.95439298e-02
 470.30000  2.40629056e+01  3.73574754e-02
 470.40000  2.38078829e+01  2.92756521e-02
 470.50000  2.39249210e+01  3.04828971e-02
 470.60000  2.40265493e+01  5.07712927e-02
 470.70000  2.42803053e+01  6.75720969e-02
 470.80000  2.46460830e+01  7.27028825e-02
 470.90000  2.47829602e+01  8.74580781e-02
 471.00000  2.48176976e+01  9.24882580e-02
 471.10000  2.49463372e+01  9.49027466e-02
 471.20000  2.52137750e+01  1.02012070e-01
 471.30000  2.54882929e+01  1.17471491e-01
 471.40000  2.55385240e+01  1.25586849e-01
 471.50000  2.55858946e+01  1.32092550e-01
 471.60000  2.58428131e+01  1.24044262e-01
 471.70000  2.61414902e+01  1.14755194e-01
 471.80000  2.62821507e+01  1.16063039e-01
 471.90000  2.65349337e+01  1.02951035e-01
 472.00000  2.67381733e+01  9.33601585e-02
 472.10000  2.69489292e+01  9.20523108e-02
 472.20000  2.70806307e+01  9.77867162e-02
 472.30000  2.70678632e+01  9.49027463e-02
 472.40000  2.71958821e+01  7.50838338e-02
 472.50000  2.75371147e+01  6.24748474e-02
 472.60000  2.75173762e+01  5.70087169e-02
 472.70000  2.79129589e+01  5.63715603e-02
 472.80000  2.80534263e+01  5.59356114e-02
 472.90000  2.81158965e+01  4.47350753e-02
 473.00000  2.84042472e+01  3.36351434e-02
 473.10000  2.86848887e+01  2.16633137e-02
 473.20000  2.89586600e+01  1.12340704e-02
 473.30000  2.90619240e+01 -1.32126087e-02
 473.40000  2.87273520e+01 -1.75720994e-02
 473.50000  2.86568037e+01 -3.88329965e-02
 473.60000  2.85735968e+01 -4.46009362e-02
 473.70000  2.84414340e+01 -6.10663955e-02
 473.80000  2.82632931e+01 -6.44533861e-02
 473.90000  2.81070633e+01 -7.73641819e-02
 474.00000  2.78821978e+01 -8.55130742e-02
 474.10000  2.79952848e+01 -9.46009355e-02
 474.20000  2.78185616e+01 -9.74178378e-02
 474.30000  2.75520549e+01 -1.15660625e-01
 474.40000  2.74754248e+01 -1.14688123e-01
 474.50000  2.74606859e+01 -1.16901404e-01
 474.60000  2.68374864e+01 -1.10831655e-01
 474.70000  2.64738896e+01 -1.12240104e-01
 474.80000  2.64846607e+01 -1.15861831e-01
 474.90000  2.64684454e+01 -9.99999956e-02
 475.00000  2.64775220e+01 -9.56405078e-02
 475.10000  2.62082469e+01 -1.19651236e-01
 475.20000  2.61221880e+01 -1.35144193e-01
 475.30000  2.61003776e+01 -1.35915488e-01
 475.40000  2.57552694e+01 -1.40006703e-01
 475.50000  2.56658635e+01 -1.34372898e-01
 475.60000  2.53752226e+01 -1.48725680e-01
 475.70000  2.52586793e+01 -1.47350766e-01
 475.80000  2.49451377e+01 -1.54057675e-01
 475.90000  2.44670865e+01 -1.77431247e-01
 476.00000  2.43000857e+01 -1.58987251e-01
 476.10000  2.42208971e+01 -1.57947680e-01
 476.20000  2.41133464e+01 -1.64755191e-01
 476.30000  2.37895789e+01 -1.61737083e-01
 476.40000  2.34115119e+01 -1.57444663e-01
 476.50000  2.32076178e+01 -1.57746473e-01
 476.60000  2.30456838e+01 -1.57712938e-01
 476.70000  2.27376030e+01 -1.56237419e-01
 476.80000  2.24757184e+01 -1.54594227e-01
 476.90000  2.23589319e+01 -1.58584835e-01
 477.00000  2.18832631e+01 -1.54091208e-01
 477.10000  2.18134278e+01 -1.55365522e-01
 477.20000  2.12556428e+01 -1.55331986e-01
 477.30000  2.11060903e+01 -1.67136143e-01
 477.40000  2.10527135e+01 -1.62977861e-01
 477.50000  2.08047204e+01 -1.53655259e-01
 477.60000  2.06244908e+01 -1.59523803e-01
 477.70000  2.05945601e+01 -1.51844393e-01
 477.80000  2.05726407e+01 -1.53118707e-01
 477.90000  2.02715644e+01 -1.55231382e-01
 478.00000  2.02706669e+01 -1.49832321e-01
 478.10000  2.02220128e+01 -1.42689464e-01
 478.20000  1.99467652e+01 -1.28101941e-01
 478.30000  1.97248356e+01 -1.16968474e-01
 478.40000  1.97396332e+01 -1.07914146e-01
 478.50000  1.98456402e+01 -9.47686070e-02
 478.60000  1.99262046e+01 -7.75318558e-02
 478.70000  2.00177162e+01 -8.60160929e-02
 478.80000  1.98071196e+01 -8.23608277e-02
 478.90000  1.97869282e+01 -6.90476169e-02
 479.00000  1.95374169e+01 -6.28101930e-02
 479.10000  1.94470545e+01 -6.01609634e-02
 479.20000  1.93723791e+01 -5.02682735e-02
 479.30000  1.93965047e+01 -3.18913466e-02
 479.40000  1.96439692e+01 -2.38765921e-02
 479.50000  1.96431975e+01 -2.74647873e-02
 479.60000  1.96049621e+01 -3.69215281e-02
 479.70000  1.96152717e+01 -2.24681425e-02
 479.80000  1.96380805e+01 -2.69282347e-02
 479.90000  1.96677678e+01 -1.69684766e-02
 480.00000  1.97136033e+01 -1.40174367e-02
 480.10000  1.97097612e+01 -2.28705557e-02
 480.20000  1.94644022e+01 -2.11267606e-02
 480.30000  1.93017468e+01 -2.43796109e-02
 480.40000  1.91611701e+01 -3.72904065e-02
 480.50000  1.93369706e+01 -2.50503006e-02
 480.60000  1.93054042e+01 -3.40040231e-02
 480.70000  1.93481107e+01 -3.32997980e-02
 480.80000  1.93612389e+01 -4.07444648e-02
 480.90000  1.95115799e+01 -4.19517083e-02
 481.00000  1.95264362e+01 -4.76190456e-02
 481.10000  1.96937389e+01 -5.53319899e-02
 481.20000  1.95203376e+01 -6.63983867e-02
 481.30000  1.94640920e+01 -6.31120029e-02
 481.40000  1.94801058e+01 -7.62575429e-02
 481.50000  1.94725477e+01 -8.19584135e-02
 481.60000  1.93044144e+01 -8.62843688e-02
 481.70000  1.94349834e+01 -6.29443311e-02
 481.80000  1.95387256e+01 -5.70087169e-02
 481.90000  1.93722029e+01 -5.92219955e-02
 482.00000  1.94630601e+01 -5.41247457e-02
 482.10000  1.95522396e+01 -6.05633778e-02
 482.20000  1.93914296e+01 -6.80080464e-02
 482.30000  1.92257207e+01 -8.13883274e-02
 482.40000  1.91172138e+01 -8.99060993e-02
 482.50000  1.91038758e+01 -8.98390306e-02
 482.60000  1.91245287e+01 -9.65459383e-02
 482.70000  1.88021201e+01 -9.35948995e-02
 482.80000  1.87290384e+01 -1.00100600e-01
 482.90000  1.85839571e+01 -1.00435945e-01
 483.00000  1.83672956e+01 -1.06606299e-01
 483.10000  1.83028206e+01 -9.71160267e-02
 483.20000  1.80782234e+01 -9.93628406e-02
 483.30000  1.77800748e+01 -1.05197849e-01
 483.40000  1.77498842e+01 -1.04929573e-01
 483.50000  1.77267818e+01 -9.95305131e-02
 483.60000  1.75423411e+01 -9.86586147e-02
 483.70000  1.74162684e+01 -1.03588192e-01
 483.80000  1.74081063e+01 -1.05835005e-01
 483.90000  1.71753722e+01 -9.71495612e-02
 484.00000  1.70252576e+01 -1.07411130e-01
 484.10000  1.70034976e+01 -9.59758507e-02
 484.20000  1.66798727e+01 -9.51374879e-02
 484.30000  1.66891086e+01 -8.34674694e-02
 484.40000  1.65258910e+01 -9.77531815e-02
 484.50000  1.63586553e+01 -1.03588191e-01
 484.60000  1.62371963e+01 -9.49698162e-02
 484.70000  1.60743647e+01 -1.02850432e-01
 484.80000  1.59766623e+01 -1.10529841e-01
 484.90000  1.57891345e+01 -1.23943657e-01
 485.00000  1.56254892e+01 -1.25251505e-01
 485.10000  1.53485554e+01 -1.29979875e-01
 485.20000  1.49083957e+01 -1.20489600e-01
 485.30000  1.48137216e+01 -1.07377595e-01
 485.40000  1.47069092e+01 -9.63782655e-02
 485.50000  1.45509982e+01 -9.59087815e-02
 485.60000  1.44357888e+01 -9.76525784e-02
 485.70000  1.42663637e+01 -8.85311848e-02
 485.80000  1.39100063e+01 -9.49362811e-02
 485.90000  1.38683065e+01 -9.05767899e-02
 486.00000  1.37985298e+01 -8.35680718e-02
 486.10000  1.38342319e+01 -7.38765907e-02
 486.20000  1.37223108e+01 -6.63313187e-02
 486.30000  1.37367225e+01 -5.74111304e-02
 486.40000  1.37797393e+01 -4.34607629e-02
 486.50000  1.37721476e+01 -4.71495621e-02
 486.60000  1.70000000e+01  1.55000000e+01
 486.70000  1.60000000e+01  1.65000000e+01
 486.80000  1.60000000e+01  1.60000000e+01
 486.90000  1.20000000e+01  1.40000000e+01
 487.00000  1.40000000e+01  1.30000000e+01
 487.10000  1.60000000e+01  1.50000000e+01
 487.20000  1.20000000e+01  1.40000000e+01
 487.30000  1.00000000e+01  1.10000000e+01
 487.40000  2.00000000e+01  1.50000000e+01
 487.50000  1.00000000e+01  1.50000000e+01
 487.60000  1.60000000e+01  1.30000000e+01
 487.70000  1.90000000e+01  1.75000000e+01
 487.80000  1.60000000e+01  1.75000000e+01
 487.90000  9.00000000e+00  1.25000000e+01
 488.00000  1.20000000e+01  1.05000000e+01
 488.10000  1.70000000e+01  1.45000000e+01
 488.20000  1.10000000e+01  1.40000000e+01
 488.30000  9.00000000e+00  1.00000000e+01
 488.40000  8.00000000e+00  8.50000000e+00
 488.50000  1.20000000e+01  1.00000000e+01
 488.60000  1.30000000e+01  1.25000000e+01
 488.70000  2.30000000e+01  1.80000000e+01
 488.80000  1.70000000e+01  2.00000000e+01
 488.90000  1.70000000e+01  1.70000000e+01
 489.00000  1.40000000e+01  1.55000000e+01
 489.10000  1.20000000e+01  1.30000000e+01
 489.20000  1.80000000e+01  1.50000000e+01
 489.30000  1.60000000e+01  1.70000000e+01
 489.40000  1.30000000e+01  1.45000000e+01
 489.50000  1.50000000e+01  1.40000000e+01
 489.60000  1.40000000e+01  1.45000000e+01
 489.70000  1.70000000e+01  1.55000000e+01
 489.80000  1.50000000e+01  1.60000000e+01
 489.90000  1.70000000e+01  1.60000000e+01
 490.00000  1.10000000e+01  1.40000000e+01
