 150.00000  1.00000000e+00  1.50000000e+00
 150.10000  2.00000000e+00  1.50000000e+00
 150.20000  1.00000000e+00  1.50000000e+00
 150.30000  2.00000000e+00  1.50000000e+00
 150.40000  1.00000000e+00  5.00000000e-01
 150.50000  0.00000000e+00  5.00000000e-01
 150.60000  1.00000000e+00  1.00000000e+00
 150.70000  1.00000000e+00  1.00000000e+00
 150.80000  1.00000000e+00  2.00000000e+00
 150.90000  3.00000000e+00  2.50000000e+00
 151.00000  2.00000000e+00  3.50000000e+00
 151.10000  5.00000000e+00  3.50000000e+00
 151.20000  2.00000000e+00  1.00000000e+00
 151.30000  0.00000000e+00  5.00000000e-01
 151.40000  1.00000000e+00  1.50000000e+00
 151.50000  2.00000000e+00  1.00000000e+00
 151.60000  0.00000000e+00  0.00000000e+00
 151.70000  0.00000000e+00  1.00000000e+00
 151.80000  2.00000000e+00  2.00000000e+00
 151.90000  2.00000000e+00  1.50000000e+00
 152.00000  1.00000000e+00  1.00000000e+00
 152.10000  1.00000000e+00  1.50000000e+00
 152.20000  2.00000000e+00  1.50000000e+00
 152.30000  1.00000000e+00  5.00000000e-01
 152.40000  0.00000000e+00  5.00000000e-01
 152.50000  1.00000000e+00  1.00000000e+00
 152.60000  1.00000000e+00  1.00000000e+00
 152.70000  1.00000000e+00  1.50000000e+00
 152.80000  2.00000000e+00  1.00000000e+00
 152.90000  0.00000000e+00  1.50000000e+00
 153.00000  3.00000000e+00  1.50000000e+00
 153.10000  0.00000000e+00  0.00000000e+00
 153.20000  0.00000000e+00  5.00000000e-01
 153.30000  1.00000000e+00  5.00000000e-01
 153.40000  0.00000000e+00  1.00000000e+00
 153.50000  2.00000000e+00  2.00000000e+00
 153.60000  2.00000000e+00  2.00000000e+00
 153.70000  2.00000000e+00  1.50000000e+00
 153.80000  1.00000000e+00  5.00000000e-01
 153.90000  0.00000000e+00  2.00000000e+00
 154.00000  4.00000000e+00  2.00000000e+00
 154.10000  0.00000000e+00  5.00000000e-01
 154.20000  1.00000000e+00  1.00000000e+00
 154.30000  1.00000000e+00  1.00000000e+00
 154.40000  1.00000000e+00  5.00000000e-01
 154.50000  0.00000000e+00  0.00000000e+00
 154.60000  0.00000000e+00  0.00000000e+00
 154.70000  0.00000000e+00  0.00000000e+00
 154.80000  0.00000000e+00  1.50000000e+00
 154.90000  3.00000000e+00  3.50000000e+00
 155.00000  4.00000000e+00  2.50000000e+00
 155.10000  1.00000000e+00  1.00000000e+00
 155.20000  1.00000000e+00  1.00000000e+00
 155.30000  1.00000000e+00  2.50000000e+00
 155.40000  4.00000000e+00  2.50000000e+00
 155.50000  1.00000000e+00  1.00000000e+00
 155.60000  1.00000000e+00  1.00000000e+00
 155.70000  1.00000000e+00  5.00000000e-01
 155.80000  0.00000000e+00  1.00000000e+00
 155.90000  2.00000000e+00  2.50000000e+00
 156.00000  3.00000000e+00  3.50000000e+00
 156.10000  4.00000000e+00  2.00000000e+00
 156.20000  0.00000000e+00  2.50000000e+00
 156.30000  5.00000000e+00  3.50000000e+00
 156.40000  2.00000000e+00  2.00000000e+00
 156.50000  2.00000000e+00  1.00000000e+00
 156.60000  0.00000000e+00  5.00000000e-01
 156.70000  1.00000000e+00  1.00000000e+00
 156.80000  1.00000000e+00  1.00000000e+00
 156.90000  1.00000000e+00  1.00000000e+00
 157.00000  1.00000000e+00  3.00000000e+00
 157.10000  5.00000000e+00  2.50000000e+00
 157.20000  0.00000000e+00  0.00000000e+00
 157.30000  0.00000000e+00  5.00000000e-01
 157.40000  1.00000000e+00  2.00000000e+00
 157.50000  3.00000000e+00  2.00000000e+00
 157.60000  1.00000000e+00  1.00000000e+00
 157.70000  1.00000000e+00  1.50000000e+00
 157.80000  2.00000000e+00  2.00000000e+00
 157.90000  2.00000000e+00  1.50000000e+00
 158.00000  1.00000000e+00  5.00000000e-01
 158.10000  0.00000000e+00  5.00000000e-01
 158.20000  1.00000000e+00  5.00000000e-01
 158.30000  0.00000000e+00  5.00000000e-01
 158.40000  1.00000000e+00  1.00000000e+00
 158.50000  1.00000000e+00  5.00000000e-01
 158.60000  0.00000000e+00  0.00000000e+00
 158.70000  0.00000000e+00  5.00000000e-01
 158.80000  1.00000000e+00  1.50000000e+00
 158.90000  2.00000000e+00  1.50000000e+00
 159.00000  1.00000000e+00  1.00000000e+00
 159.10000  1.00000000e+00  1.00000000e+00
 159.20000  1.00000000e+00  1.00000000e+00
 159.30000  1.00000000e+00  5.00000000e-01
 159.40000  0.00000000e+00  0.00000000e+00
 159.50000  0.00000000e+00  0.00000000e+00
 159.60000  0.00000000e+00  0.00000000e+00
 159.70000  0.00000000e+00  0.00000000e+00
 159.80000  0.00000000e+00  0.00000000e+00
 159.90000  0.00000000e+00  1.00000000e+00
 160.00000  2.00000000e+00  1.00000000e+00
 160.10000  0.00000000e+00  1.00000000e+00
 160.20000  2.00000000e+00  3.00000000e+00
 160.30000  4.00000000e+00  2.50000000e+00
 160.40000  1.00000000e+00  2.00000000e+00
 160.50000  3.00000000e+00  3.00000000e+00
 160.60000  3.00000000e+00  2.00000000e+00
 160.70000  1.00000000e+00  1.00000000e+00
 160.80000  1.00000000e+00  1.50000000e+00
 160.90000  2.00000000e+00  1.50000000e+00
 161.00000  1.00000000e+00  1.50000000e+00
 161.10000  2.00000000e+00  1.50000000e+00
 161.20000  1.00000000e+00  1.50000000e+00
 161.30000  2.00000000e+00  1.00000000e+00
 161.40000  0.00000000e+00  5.00000000e-01
 161.50000  1.00000000e+00  1.50000000e+00
 161.60000  2.00000000e+00  3.00000000e+00
 161.70000  4.00000000e+00  3.00000000e+00
 161.80000  2.00000000e+00  1.50000000e+00
 161.90000  1.00000000e+00  1.50000000e+00
 162.00000  2.00000000e+00  4.00000000e+00
 162.10000  6.00000000e+00  3.50000000e+00
 162.20000  1.00000000e+00  1.50000000e+00
 162.30000  2.00000000e+00  2.00000000e+00
 162.40000  2.00000000e+00  3.00000000e+00
 162.50000  4.00000000e+00  2.00000000e+00
 162.60000  0.00000000e+00  5.00000000e-01
 162.70000  1.00000000e+00  1.50000000e+00
 162.80000  2.00000000e+00  1.50000000e+00
 162.90000  1.00000000e+00  5.00000000e-01
 163.00000  0.00000000e+00  5.00000000e-01
 163.10000  1.00000000e+00  2.00000000e+00
 163.20000  3.00000000e+00  2.00000000e+00
 163.30000  1.00000000e+00  1.50000000e+00
 163.40000  2.00000000e+00  2.00000000e+00
 163.50000  2.00000000e+00  3.00000000e+00
 163.60000  4.00000000e+00  2.50000000e+00
 163.70000  1.00000000e+00  5.00000000e-01
 163.80000  0.00000000e+00  5.00000000e-01
 163.90000  1.00000000e+00  1.50000000e+00
 164.00000  2.00000000e+00  1.00000000e+00
 164.10000  0.00000000e+00  1.50000000e+00
 164.20000  3.00000000e+00  2.00000000e+00
 164.30000  1.00000000e+00  2.00000000e+00
 164.40000  3.00000000e+00  1.50000000e+00
 164.50000  0.00000000e+00  2.00000000e+00
 164.60000  4.00000000e+00  3.00000000e+00
 164.70000  2.00000000e+00  1.50000000e+00
 164.80000  1.00000000e+00  1.00000000e+00
 164.90000  1.00000000e+00  5.00000000e-01
 165.00000  0.00000000e+00  2.00000000e+00
 165.10000  4.00000000e+00  3.50000000e+00
 165.20000  3.00000000e+00  2.00000000e+00
 165.30000  1.00000000e+00  1.00000000e+00
 165.40000  1.00000000e+00  1.00000000e+00
 165.50000  1.00000000e+00  1.50000000e+00
 165.60000  2.00000000e+00  2.00000000e+00
 165.70000  2.00000000e+00  1.50000000e+00
 165.80000  1.00000000e+00  2.00000000e+00
 165.90000  3.00000000e+00  3.50000000e+00
 166.00000  4.00000000e+00  2.50000000e+00
 166.10000  1.00000000e+00  5.00000000e-01
 166.20000  0.00000000e+00  1.00000000e+00
 166.30000  2.00000000e+00  2.00000000e+00
 166.40000  2.00000000e+00  2.50000000e+00
 166.50000  3.00000000e+00  2.00000000e+00
 166.60000  1.00000000e+00  2.50000000e+00
 166.70000  4.00000000e+00  2.50000000e+00
 166.80000  1.00000000e+00  5.00000000e-01
 166.90000  0.00000000e+00  5.00000000e-01
 167.00000  1.00000000e+00  1.00000000e+00
 167.10000  1.00000000e+00  1.00000000e+00
 167.20000  1.00000000e+00  1.00000000e+00
 167.30000  1.00000000e+00  1.00000000e+00
 167.40000  1.00000000e+00  3.00000000e+00
 167.50000  5.00000000e+00  3.00000000e+00
 167.60000  1.00000000e+00  1.00000000e+00
 167.70000  1.00000000e+00  2.00000000e+00
 167.80000  3.00000000e+00  2.50000000e+00
 167.90000  2.00000000e+00  2.00000000e+00
 168.00000  2.00000000e+00  1.50000000e+00
 168.10000  1.00000000e+00  1.50000000e+00
 168.20000  2.00000000e+00  2.00000000e+00
 168.30000  2.00000000e+00  2.00000000e+00
 168.40000  2.00000000e+00  1.00000000e+00
 168.50000  0.00000000e+00  1.00000000e+00
 168.60000  2.00000000e+00  1.00000000e+00
 168.70000  0.00000000e+00  2.50000000e+00
 168.80000  5.00000000e+00  3.00000000e+00
 168.90000  1.00000000e+00  1.00000000e+00
 169.00000  1.00000000e+00  2.50000000e+00
 169.10000  4.00000000e+00  3.00000000e+00
 169.20000  2.00000000e+00  2.00000000e+00
 169.30000  2.00000000e+00  3.00000000e+00
 169.40000  4.00000000e+00  2.50000000e+00
 169.50000  1.00000000e+00  1.00000000e+00
 169.60000  1.00000000e+00  1.50000000e+00
 169.70000  2.00000000e+00  1.50000000e+00
 169.80000  1.00000000e+00  1.50000000e+00
 169.90000  2.00000000e+00  3.00000000e+00
 170.00000  4.00000000e+00  2.50000000e+00
 170.10000  1.00000000e+00  1.00000000e+00
 170.20000  1.00000000e+00  1.50000000e+00
 170.30000  2.00000000e+00  1.50000000e+00
 170.40000  1.00000000e+00  1.00000000e+00
 170.50000  1.00000000e+00  1.00000000e+00
 170.60000  1.00000000e+00  1.50000000e+00
 170.70000  2.00000000e+00  1.00000000e+00
 170.80000  0.00000000e+00  5.00000000e-01
 170.90000  1.00000000e+00  5.00000000e-01
 171.00000  0.00000000e+00  0.00000000e+00
 171.10000  0.00000000e+00  1.50000000e+00
 171.20000  3.00000000e+00  1.50000000e+00
 171.30000  0.00000000e+00  1.00000000e+00
 171.40000  2.00000000e+00  2.50000000e+00
 171.50000  3.00000000e+00  4.00000000e+00
 171.60000  5.00000000e+00  3.50000000e+00
 171.70000  2.00000000e+00  2.50000000e+00
 171.80000  3.00000000e+00  4.00000000e+00
 171.90000  5.00000000e+00  3.50000000e+00
 172.00000  2.00000000e+00  2.00000000e+00
 172.10000  2.00000000e+00  3.00000000e+00
 172.20000  4.00000000e+00  2.50000000e+00
 172.30000  1.00000000e+00  1.00000000e+00
 172.40000  1.00000000e+00  1.00000000e+00
 172.50000  1.00000000e+00  1.00000000e+00
 172.60000  1.00000000e+00  5.00000000e-01
 172.70000  0.00000000e+00  0.00000000e+00
 172.80000  0.00000000e+00  1.00000000e+00
 172.90000  2.00000000e+00  2.50000000e+00
 173.00000  3.00000000e+00  2.00000000e+00
 173.10000  1.00000000e+00  5.00000000e-01
 173.20000  0.00000000e+00  1.50000000e+00
 173.30000  3.00000000e+00  1.50000000e+00
 173.40000  0.00000000e+00  1.00000000e+00
 173.50000  2.00000000e+00  1.50000000e+00
 173.60000  1.00000000e+00  1.00000000e+00
 173.70000  1.00000000e+00  3.00000000e+00
 173.80000  5.00000000e+00  3.00000000e+00
 173.90000  1.00000000e+00  1.50000000e+00
 174.00000  2.00000000e+00  1.50000000e+00
 174.10000  1.00000000e+00  5.00000000e-01
 174.20000  0.00000000e+00  1.50000000e+00
 174.30000  3.00000000e+00  3.00000000e+00
 174.40000  3.00000000e+00  2.50000000e+00
 174.50000  2.00000000e+00  2.00000000e+00
 174.60000  2.00000000e+00  2.50000000e+00
 174.70000  3.00000000e+00  2.50000000e+00
 174.80000  2.00000000e+00  3.00000000e+00
 174.90000  4.00000000e+00  5.00000000e+00
 175.00000  2.15020401e+00  4.25679313e-03
 175.10000  2.15188466e+00  4.27339735e-03
 175.20000  2.16255898e+00  4.26595411e-03
 175.30000  2.17019067e+00  4.23455870e-03
 175.40000  2.18076779e+00  4.22702000e-03
 175.50000  2.17348075e+00  4.31481260e-03
 175.60000  2.17524551e+00  4.28265376e-03
 175.70000  2.17106075e+00  4.34573078e-03
 175.80000  2.17889010e+00  4.31290403e-03
 175.90000  2.18663727e+00  4.27998183e-03
 176.00000  2.19442154e+00  4.34258174e-03
 176.10000  2.19933817e+00  4.38113409e-03
 176.20000  2.22231576e+00  4.41978193e-03
 176.30000  2.23928264e+00  4.36309857e-03
 176.40000  2.23820301e+00  4.35412836e-03
 176.50000  2.25198150e+00  4.27330199e-03
 176.60000  2.26265356e+00  4.26423648e-03
 176.70000  2.26132642e+00  4.25498008e-03
 176.80000  2.26293991e+00  4.22148529e-03
 176.90000  2.26458883e+00  4.28332176e-03
 177.00000  2.26342773e+00  4.36872866e-03
 177.10000  2.26241992e+00  4.40594508e-03
 177.20000  2.26150465e+00  4.44277971e-03
 177.30000  2.27556204e+00  4.40775815e-03
 177.40000  2.28057947e+00  4.39659328e-03
 177.50000  2.28550899e+00  4.33742872e-03
 177.60000  2.29035012e+00  4.32588207e-03
 177.70000  2.29219788e+00  4.33800126e-03
 177.80000  2.30593260e+00  4.25440749e-03
 177.90000  2.30469695e+00  4.33800128e-03
 178.00000  2.31244304e+00  4.25402579e-03
 178.10000  2.32015837e+00  4.31338118e-03
 178.20000  2.32784266e+00  4.22921490e-03
 178.30000  2.33531643e+00  4.14495313e-03
 178.40000  2.33967492e+00  4.13226138e-03
 178.50000  2.34690595e+00  4.04771335e-03
 178.60000  2.35997351e+00  4.01097409e-03
 178.70000  2.37294934e+00  3.97433028e-03
 178.80000  2.37694092e+00  4.00935187e-03
 178.90000  2.37799580e+00  4.02023050e-03
 179.00000  2.37308924e+00  4.03072746e-03
 179.10000  2.39216142e+00  4.04112895e-03
 179.20000  2.39916388e+00  3.95600836e-03
 179.30000  2.40304894e+00  3.94245778e-03
 179.40000  2.40689989e+00  3.92871633e-03
 179.50000  2.39885922e+00  4.01021069e-03
 179.60000  2.40874734e+00  3.90018375e-03
 179.70000  2.40650337e+00  3.88558345e-03
 179.80000  2.40125817e+00  3.89445815e-03
 179.90000  2.37824904e+00  4.04599561e-03
 180.00000  2.38840353e+00  4.07748644e-03
 180.10000  2.40758925e+00  4.08521604e-03
 180.20000  2.40586560e+00  4.11680224e-03
 180.30000  2.40125620e+00  4.17186343e-03
 180.40000  2.39974810e+00  4.20259080e-03
 180.50000  2.41035264e+00  4.28093611e-03
 180.60000  2.42393802e+00  4.19199846e-03
 180.70000  2.42247989e+00  4.22243955e-03
 180.80000  2.42702592e+00  4.20478559e-03
 180.90000  2.43443205e+00  4.11527539e-03
 181.00000  2.44173380e+00  4.12128727e-03
 181.10000  2.45800300e+00  4.10344251e-03
 181.20000  2.46243056e+00  4.22902403e-03
 181.30000  2.46396854e+00  4.18703627e-03
 181.40000  2.48644978e+00  4.21680944e-03
 181.50000  2.48807686e+00  4.27053467e-03
 181.60000  2.48390941e+00  4.37168690e-03
 181.70000  2.48876747e+00  4.30517454e-03
 181.80000  2.49944728e+00  4.23856671e-03
 181.90000  2.50403206e+00  4.21967225e-03
 182.00000  2.50856937e+00  4.20058689e-03
 182.10000  2.51898723e+00  4.13359740e-03
 182.20000  2.53540518e+00  4.21012962e-03
 182.30000  2.53689460e+00  4.16709219e-03
 182.40000  2.53827608e+00  4.12376842e-03
 182.50000  2.55146568e+00  4.03254056e-03
 182.60000  2.55861833e+00  4.08473895e-03
 182.70000  2.56874609e+00  4.01736774e-03
 182.80000  2.57870541e+00  3.94999650e-03
 182.90000  2.57966333e+00  4.00200405e-03
 183.00000  2.58371514e+00  4.02986868e-03
 183.10000  2.58777661e+00  4.00973363e-03
 183.20000  2.59172775e+00  3.94159895e-03
 183.30000  2.59556809e+00  3.92108221e-03
 183.40000  2.60226136e+00  3.82870920e-03
 183.50000  2.60878335e+00  3.78404953e-03
 183.60000  2.60630082e+00  3.81086439e-03
 183.70000  2.60382507e+00  3.78948879e-03
 183.80000  2.59536691e+00  3.81544488e-03
 183.90000  2.60778246e+00  3.72164044e-03
 184.00000  2.61113062e+00  3.74731022e-03
 184.10000  2.61151869e+00  3.74883699e-03
 184.20000  2.61487448e+00  3.72622092e-03
 184.30000  2.61520925e+00  3.72727059e-03
 184.40000  2.61258202e+00  3.75189065e-03
 184.50000  2.61292035e+00  3.70446359e-03
 184.60000  2.60721126e+00  3.70446362e-03
 184.70000  2.60446581e+00  3.68012974e-03
 184.80000  2.61055181e+00  3.58384427e-03
 184.90000  2.60157572e+00  3.60674666e-03
 185.00000  2.60154892e+00  3.55750651e-03
 185.10000  2.60744670e+00  3.55588423e-03
 185.20000  2.60432801e+00  3.53011902e-03
 185.30000  2.60719247e+00  3.55187631e-03
 185.40000  2.62505187e+00  3.54977696e-03
 185.50000  2.62790583e+00  3.52382087e-03
 185.60000  2.63674269e+00  3.54557816e-03
 185.70000  2.64563394e+00  3.56733548e-03
 185.80000  2.63963880e+00  3.61275856e-03
 185.90000  2.63968512e+00  3.60999115e-03
 186.00000  2.63978394e+00  3.65474623e-03
 186.10000  2.64586302e+00  3.60369299e-03
 186.20000  2.65483837e+00  3.57649642e-03
 186.30000  2.65775747e+00  3.54920436e-03
 186.40000  2.66956060e+00  3.49796024e-03
 186.50000  2.66925921e+00  3.44662073e-03
 186.60000  2.67481738e+00  3.39509030e-03
 186.70000  2.68623487e+00  3.34355991e-03
 186.80000  2.70653595e+00  3.31617247e-03
 186.90000  2.71479248e+00  3.28897589e-03
 187.00000  2.71995701e+00  3.23782722e-03
 187.10000  2.72801756e+00  3.21053518e-03
 187.20000  2.75107020e+00  3.25519492e-03
 187.30000  2.75318651e+00  3.22828461e-03
 187.40000  2.74936655e+00  3.29670548e-03
 187.50000  2.75757418e+00  3.26931804e-03
 187.60000  2.76286861e+00  3.36140477e-03
 187.70000  2.76815410e+00  3.26216104e-03
 187.80000  2.77621536e+00  3.18677395e-03
 187.90000  2.77229092e+00  3.25462232e-03
 188.00000  2.77144010e+00  3.25042354e-03
 188.10000  2.76459016e+00  3.24584304e-03
 188.20000  2.76964495e+00  3.19316748e-03
 188.30000  2.77765171e+00  3.21215740e-03
 188.40000  2.77965791e+00  3.18324312e-03
 188.50000  2.79054411e+00  3.13037674e-03
 188.60000  2.79536975e+00  3.12531913e-03
 188.70000  2.80623067e+00  3.16807031e-03
 188.80000  2.81109078e+00  3.11520396e-03
 188.90000  2.81279459e+00  3.03829006e-03
 189.00000  2.81140139e+00  3.03285071e-03
 189.10000  2.81301824e+00  3.05107721e-03
 189.20000  2.81752516e+00  2.94963869e-03
 189.30000  2.81899338e+00  3.01538765e-03
 189.40000  2.82050623e+00  2.98532823e-03
 189.50000  2.82799171e+00  3.00298218e-03
 189.60000  2.82348502e+00  2.97263652e-03
 189.70000  2.83396232e+00  3.01386086e-03
 189.80000  2.83849475e+00  3.00727640e-03
 189.90000  2.83998659e+00  2.97664441e-03
 190.00000  2.85029438e+00  2.87425164e-03
 190.10000  2.84842953e+00  2.81957213e-03
 190.20000  2.85259516e+00  2.90812806e-03
 190.30000  2.86285083e+00  2.90106652e-03
 190.40000  2.86407667e+00  2.87005285e-03
 190.50000  2.86818899e+00  2.81499166e-03
 190.60000  2.87216353e+00  2.75983504e-03
 190.70000  2.88495257e+00  2.68082177e-03
 190.80000  2.89458009e+00  2.62585605e-03
 190.90000  2.90104628e+00  2.54703361e-03
 191.00000  2.90150643e+00  2.61154204e-03
 191.10000  2.91108015e+00  2.65209838e-03
 191.20000  2.89982630e+00  2.71632053e-03
 191.30000  2.89460104e+00  2.68444800e-03
 191.40000  2.89830791e+00  2.67624130e-03
 191.50000  2.90199415e+00  2.66793917e-03
 191.60000  2.91757628e+00  2.61192375e-03
 191.70000  2.91511369e+00  2.60371703e-03
 191.80000  2.91873802e+00  2.69093698e-03
 191.90000  2.91943674e+00  2.65849189e-03
 192.00000  2.92295859e+00  2.55419054e-03
 192.10000  2.92627934e+00  2.49760252e-03
 192.20000  2.92649424e+00  2.46477573e-03
 192.30000  2.92662683e+00  2.43175807e-03
 192.40000  2.93260515e+00  2.35083629e-03
 192.50000  2.93245265e+00  2.31762781e-03
 192.60000  2.93838444e+00  2.42775017e-03
 192.70000  2.93249549e+00  2.44206418e-03
 192.80000  2.93553461e+00  2.38442645e-03
 192.90000  2.93558478e+00  2.44616752e-03
 193.00000  2.93276504e+00  2.48376562e-03
 193.10000  2.93893171e+00  2.44950746e-03
 193.20000  2.93309596e+00  2.46286716e-03
 193.30000  2.92735289e+00  2.52365396e-03
 193.40000  2.92176132e+00  2.58405901e-03
 193.50000  2.93114155e+00  2.52479907e-03
 193.60000  2.93136145e+00  2.44158700e-03
 193.70000  2.93445686e+00  2.42994494e-03
 193.80000  2.93147503e+00  2.37030326e-03
 193.90000  2.93753530e+00  2.47784915e-03
 194.00000  2.91694711e+00  2.60886994e-03
 194.10000  2.92336367e+00  2.52432190e-03
 194.20000  2.92974816e+00  2.58320017e-03
 194.30000  2.93023182e+00  2.59417426e-03
 194.40000  2.93963542e+00  2.53338749e-03
 194.50000  2.94604244e+00  2.59217032e-03
 194.60000  2.94648864e+00  2.55524020e-03
 194.70000  2.94684227e+00  2.51811923e-03
 194.80000  2.94716261e+00  2.52861616e-03
 194.90000  2.94744921e+00  2.49111346e-03
 195.00000  2.95066581e+00  2.47737200e-03
 195.10000  2.95989598e+00  2.51143936e-03
 195.20000  2.95717514e+00  2.49760248e-03
 195.30000  2.96034784e+00  2.43576599e-03
 195.40000  2.95749709e+00  2.46935618e-03
 195.50000  2.95170595e+00  2.47870797e-03
 195.60000  2.95186622e+00  2.43996475e-03
 195.70000  2.94896514e+00  2.42488729e-03
 195.80000  2.95497853e+00  2.38576235e-03
 195.90000  2.95188182e+00  2.32258987e-03
 196.00000  2.95461508e+00  2.25922657e-03
 196.10000  2.94823730e+00  2.21952903e-03
 196.20000  2.94472405e+00  2.15559317e-03
 196.30000  2.95308690e+00  2.13937064e-03
 196.40000  2.94344449e+00  2.12295723e-03
 196.50000  2.95166551e+00  2.05854421e-03
 196.60000  2.95682112e+00  2.06589208e-03
 196.70000  2.97693590e+00  2.04957417e-03
 196.80000  2.98200991e+00  2.00959040e-03
 196.90000  2.99000799e+00  1.99355870e-03
 197.00000  3.00104987e+00  2.04938334e-03
 197.10000  3.00612378e+00  2.00968585e-03
 197.20000  3.01406268e+00  1.94613171e-03
 197.30000  3.02789086e+00  1.93057716e-03
 197.40000  3.02371569e+00  1.91502260e-03
 197.50000  3.02542978e+00  1.85146844e-03
 197.60000  3.02994913e+00  1.76396216e-03
 197.70000  3.03424971e+00  1.67645591e-03
 197.80000  3.02641474e+00  1.63656754e-03
 197.90000  3.02440808e+00  1.54858414e-03
 198.00000  3.02822925e+00  1.50831408e-03
 198.10000  3.03200950e+00  1.51585279e-03
 198.20000  3.03272483e+00  1.45163063e-03
 198.30000  3.03618396e+00  1.31564763e-03
 198.40000  3.03355393e+00  1.37080425e-03
 198.50000  3.03384651e+00  1.25848705e-03
 198.60000  3.03397769e+00  1.24169195e-03
 198.70000  3.03400701e+00  1.17699268e-03
 198.80000  3.02201745e+00  1.20762460e-03
 198.90000  3.03702118e+00  1.21430448e-03
 199.00000  3.03698180e+00  1.14941438e-03
 199.10000  3.03980408e+00  1.10838089e-03
 199.20000  3.04542827e+00  9.95681986e-04
 199.30000  3.04181829e+00  9.06839744e-04
 199.40000  3.04409377e+00  9.13519620e-04
 199.50000  3.04935021e+00  8.96342824e-04
 199.60000  3.05153979e+00  8.55309365e-04
 199.70000  3.05659106e+00  7.90419202e-04
 199.80000  3.05857572e+00  7.97289935e-04
 199.90000  3.06051779e+00  7.56351887e-04
 200.00000  3.07433405e+00  7.15604719e-04
 200.10000  3.09113270e+00  7.47000114e-04
 200.20000  3.10801046e+00  7.78872669e-04
 200.30000  3.10984839e+00  6.91461845e-04
 200.40000  3.11449181e+00  6.28003116e-04
 200.50000  3.12194096e+00  5.40783133e-04
 200.60000  3.12318402e+00  4.53658579e-04
 200.70000  3.12420928e+00  3.66534008e-04
 200.80000  3.12810050e+00  3.51170345e-04
 200.90000  3.12602492e+00  3.83615371e-04
 201.00000  3.13292308e+00  3.44395036e-04
 201.10000  3.13367542e+00  2.57461343e-04
 201.20000  3.13124615e+00  1.94384291e-04
 201.30000  3.14075513e+00  2.27020210e-04
 201.40000  3.14726230e+00  1.88181583e-04
 201.50000  3.15064858e+00  1.25581678e-04
 201.60000  3.15097399e+00  1.34742640e-04
 201.70000  3.15719104e+00  4.83814981e-05
 201.80000  3.16022818e+00 -1.39321332e-05
 201.90000  3.17224146e+00  4.35147693e-05
 202.00000  3.18137482e+00  7.73912578e-05
 202.10000  3.17547315e+00 -8.20646216e-06
 202.20000  3.18441756e+00 -2.20433133e-05
 202.30000  3.18721994e+00 -1.31306846e-04
 202.40000  3.18382078e+00 -1.92761632e-04
 202.50000  3.19224439e+00 -2.54120978e-04
 202.60000  3.20353897e+00 -2.91241949e-04
 202.70000  3.20875296e+00 -3.28076612e-04
 202.80000  3.21689912e+00 -3.40768367e-04
 202.90000  3.21297761e+00 -4.01173439e-04
 203.00000  3.20588094e+00 -4.85626075e-04
 203.10000  3.21659747e+00 -5.22174445e-04
 203.20000  3.21821082e+00 -5.82388691e-04
 203.30000  3.21961399e+00 -6.90316260e-04
 203.40000  3.22080722e+00 -7.50339648e-04
 203.50000  3.22179074e+00 -8.58076331e-04
 203.60000  3.21355253e+00 -9.41956407e-04
 203.70000  3.19929538e+00 -8.82696470e-04
 203.80000  3.20303119e+00 -9.19149430e-04
 203.90000  3.20661634e+00 -1.00322033e-03
 204.00000  3.20103903e+00 -1.06333917e-03
 204.10000  3.20129959e+00 -1.12345797e-03
 204.20000  3.20739821e+00 -1.18338592e-03
 204.30000  3.21038313e+00 -1.21917089e-03
 204.40000  3.21031456e+00 -1.23090838e-03
 204.50000  3.21009725e+00 -1.33816798e-03
 204.60000  3.20670741e+00 -1.37366669e-03
 204.70000  3.20619308e+00 -1.43302209e-03
 204.80000  3.21151874e+00 -1.49218661e-03
 204.90000  3.21373261e+00 -1.52720819e-03
 205.00000  3.21283513e+00 -1.58599102e-03
 205.10000  1.00000000e+00  2.00000000e+00
 205.20000  5.00000000e+00  3.00000000e+00
 205.30000  6.00000000e+00  5.50000000e+00
 205.40000  5.00000000e+00  5.50000000e+00
 205.50000  4.00000000e+00  4.50000000e+00
 205.60000  0.00000000e+00  2.00000000e+00
 205.70000  5.00000000e+00  2.50000000e+00
 205.80000  3.00000000e+00  4.00000000e+00
 205.90000  1.00000000e+00  2.00000000e+00
 206.00000  3.00000000e+00  2.00000000e+00
 206.10000  1.00000000e+00  2.00000000e+00
 206.20000  6.00000000e+00  3.50000000e+00
 206.30000  3.00000000e+00  4.50000000e+00
 206.40000  1.00000000e+00  2.00000000e+00
 206.50000  5.00000000e+00  3.00000000e+00
 206.60000  7.00000000e+00  6.00000000e+00
 206.70000  2.00000000e+00  4.50000000e+00
 206.80000  1.00000000e+00  1.50000000e+00
 206.90000  3.00000000e+00  2.00000000e+00
 207.00000  3.00000000e+00  3.00000000e+00
 207.10000  1.00000000e+00  2.00000000e+00
 207.20000  3.00000000e+00  2.00000000e+00
 207.30000  3.00000000e+00  3.00000000e+00
 207.40000  3.00000000e+00  3.00000000e+00
 207.50000  0.00000000e+00  1.50000000e+00
 207.60000  4.00000000e+00  2.00000000e+00
 207.70000  1.00000000e+00  2.50000000e+00
 207.80000  1.00000000e+00  1.00000000e+00
 207.90000  5.00000000e+00  3.00000000e+00
 208.00000  4.00000000e+00  4.50000000e+00
 208.10000  3.00000000e+00  3.50000000e+00
 208.20000  2.00000000e+00  2.50000000e+00
 208.30000  3.00000000e+00  2.50000000e+00
 208.40000  1.00000000e+00  2.00000000e+00
 208.50000  2.00000000e+00  1.50000000e+00
 208.60000  5.00000000e+00  3.50000000e+00
 208.70000  4.00000000e+00  4.50000000e+00
 208.80000  6.00000000e+00  5.00000000e+00
 208.90000  0.00000000e+00  3.00000000e+00
 209.00000  4.00000000e+00  2.00000000e+00
 209.10000  4.00000000e+00  4.00000000e+00
 209.20000  3.00000000e+00  3.50000000e+00
 209.30000  4.00000000e+00  3.50000000e+00
 209.40000  5.00000000e+00  4.50000000e+00
 209.50000  3.00000000e+00  4.00000000e+00
 209.60000  5.00000000e+00  4.00000000e+00
 209.70000  4.00000000e+00  4.50000000e+00
 209.80000  1.00000000e+00  2.50000000e+00
 209.90000  6.00000000e+00  3.50000000e+00
 210.00000  3.00000000e+00  4.50000000e+00
 210.10000  3.00000000e+00  3.00000000e+00
 210.20000  4.00000000e+00  3.50000000e+00
 210.30000  4.00000000e+00  4.00000000e+00
 210.40000  1.00000000e+00  2.50000000e+00
 210.50000  3.00000000e+00  2.00000000e+00
 210.60000  3.00000000e+00  3.00000000e+00
 210.70000  3.00000000e+00  3.00000000e+00
 210.80000  6.00000000e+00  4.50000000e+00
 210.90000  4.00000000e+00  5.00000000e+00
 211.00000  5.00000000e+00  4.50000000e+00
 211.10000  2.00000000e+00  3.50000000e+00
 211.20000  2.00000000e+00  2.00000000e+00
 211.30000  3.00000000e+00  2.50000000e+00
 211.40000  1.00000000e+00  2.00000000e+00
 211.50000  3.00000000e+00  2.00000000e+00
 211.60000  2.00000000e+00  2.50000000e+00
 211.70000  1.00000000e+00  1.50000000e+00
 211.80000  0.00000000e+00  5.00000000e-01
 211.90000  2.00000000e+00  1.00000000e+00
 212.00000  2.00000000e+00  2.00000000e+00
 212.10000  2.00000000e+00  2.00000000e+00
 212.20000  1.00000000e+00  1.50000000e+00
 212.30000  3.00000000e+00  2.00000000e+00
 212.40000  6.00000000e+00  4.50000000e+00
 212.50000  2.00000000e+00  4.00000000e+00
 212.60000  5.00000000e+00  3.50000000e+00
 212.70000  1.00000000e+00  3.00000000e+00
 212.80000  1.00000000e+00  1.00000000e+00
 212.90000  6.00000000e+00  3.50000000e+00
 213.00000  4.00000000e+00  5.00000000e+00
 213.10000  5.00000000e+00  4.50000000e+00
 213.20000  2.00000000e+00  3.50000000e+00
 213.30000  3.00000000e+00  2.50000000e+00
 213.40000  3.00000000e+00  3.00000000e+00
 213.50000  1.00000000e+00  2.00000000e+00
 213.60000  3.00000000e+00  2.00000000e+00
 213.70000  3.00000000e+00  3.00000000e+00
 213.80000  2.00000000e+00  2.50000000e+00
 213.90000  2.00000000e+00  2.00000000e+00
 214.00000  4.00000000e+00  3.00000000e+00
 214.10000  4.00000000e+00  4.00000000e+00
 214.20000  1.00000000e+00  2.50000000e+00
 214.30000  5.00000000e+00  3.00000000e+00
 214.40000  3.00000000e+00  4.00000000e+00
 214.50000  3.00000000e+00  3.00000000e+00
 214.60000  4.00000000e+00  3.50000000e+00
 214.70000  3.00000000e+00  3.50000000e+00
 214.80000  3.00000000e+00  3.00000000e+00
 214.90000  3.00000000e+00  3.00000000e+00
 215.00000  0.00000000e+00  1.50000000e+00
 215.10000  3.00000000e+00  1.50000000e+00
 215.20000  5.00000000e+00  4.00000000e+00
 215.30000  2.00000000e+00  3.50000000e+00
 215.40000  3.00000000e+00  2.50000000e+00
 215.50000  2.00000000e+00  2.50000000e+00
 215.60000  2.00000000e+00  2.00000000e+00
 215.70000  0.00000000e+00  1.00000000e+00
 215.80000  1.00000000e+00  5.00000000e-01
 215.90000  1.00000000e+00  1.00000000e+00
 216.00000  5.00000000e+00  3.00000000e+00
 216.10000  3.00000000e+00  4.00000000e+00
 216.20000  7.00000000e+00  5.00000000e+00
 216.30000  4.00000000e+00  5.50000000e+00
 216.40000  3.00000000e+00  3.50000000e+00
 216.50000  3.00000000e+00  3.00000000e+00
 216.60000  0.00000000e+00  1.50000000e+00
 216.70000  4.00000000e+00  2.00000000e+00
 216.80000  5.00000000e+00  4.50000000e+00
 216.90000  3.00000000e+00  4.00000000e+00
 217.00000  1.00000000e+00  2.00000000e+00
 217.10000  2.00000000e+00  1.50000000e+00
 217.20000  3.00000000e+00  2.50000000e+00
 217.30000  3.00000000e+00  3.00000000e+00
 217.40000  1.00000000e+00  2.00000000e+00
 217.50000  3.00000000e+00  2.00000000e+00
 217.60000  5.00000000e+00  4.00000000e+00
 217.70000  5.00000000e+00  5.00000000e+00
 217.80000  2.00000000e+00  3.50000000e+00
 217.90000  5.00000000e+00  3.50000000e+00
 218.00000  5.00000000e+00  5.00000000e+00
 218.10000  2.00000000e+00  3.50000000e+00
 218.20000  5.00000000e+00  3.50000000e+00
 218.30000  6.00000000e+00  5.50000000e+00
 218.40000  6.00000000e+00  6.00000000e+00
 218.50000  1.00000000e+00  3.50000000e+00
 218.60000  2.00000000e+00  1.50000000e+00
 218.70000  3.00000000e+00  2.50000000e+00
 218.80000  3.00000000e+00  3.00000000e+00
 218.90000  5.00000000e+00  4.00000000e+00
 219.00000  1.00000000e+01  7.50000000e+00
 219.10000  1.00000000e+00  5.50000000e+00
 219.20000  4.00000000e+00  2.50000000e+00
 219.30000  4.00000000e+00  4.00000000e+00
 219.40000  1.00000000e+00  2.50000000e+00
 219.50000  4.00000000e+00  2.50000000e+00
 219.60000  3.00000000e+00  3.50000000e+00
 219.70000  3.00000000e+00  3.00000000e+00
 219.80000  4.00000000e+00  3.50000000e+00
 219.90000  3.00000000e+00  3.50000000e+00
 220.00000  3.00000000e+00  3.00000000e+00
 220.10000  3.00000000e+00  3.00000000e+00
 220.20000  4.00000000e+00  3.50000000e+00
 220.30000  2.00000000e+00  3.00000000e+00
 220.40000  5.00000000e+00  3.50000000e+00
 220.50000  5.00000000e+00  5.00000000e+00
 220.60000  3.00000000e+00  4.00000000e+00
 220.70000  4.00000000e+00  3.50000000e+00
 220.80000  2.00000000e+00  3.00000000e+00
 220.90000  3.00000000e+00  2.50000000e+00
 221.00000  2.00000000e+00  2.50000000e+00
 221.10000  4.00000000e+00  3.00000000e+00
 221.20000  3.00000000e+00  3.50000000e+00
 221.30000  2.00000000e+00  2.50000000e+00
 221.40000  5.00000000e+00  3.50000000e+00
 221.50000  1.00000000e+00  3.00000000e+00
 221.60000  3.00000000e+00  2.00000000e+00
 221.70000  0.00000000e+00  1.50000000e+00
 221.80000  2.00000000e+00  1.00000000e+00
 221.90000  2.00000000e+00  2.00000000e+00
 222.00000  3.00000000e+00  2.50000000e+00
 222.10000  2.00000000e+00  2.50000000e+00
 222.20000  1.00000000e+00  1.50000000e+00
 222.30000  1.00000000e+00  1.00000000e+00
 222.40000  4.00000000e+00  2.50000000e+00
 222.50000  2.00000000e+00  3.00000000e+00
 222.60000  1.00000000e+00  1.50000000e+00
 222.70000  1.00000000e+00  1.00000000e+00
 222.80000  4.00000000e+00  2.50000000e+00
 222.90000  2.00000000e+00  3.00000000e+00
 223.00000  2.00000000e+00  2.00000000e+00
 223.10000  3.00000000e+00  2.50000000e+00
 223.20000  2.00000000e+00  2.50000000e+00
 223.30000  0.00000000e+00  1.00000000e+00
 223.40000  5.00000000e+00  2.50000000e+00
 223.50000  1.00000000e+00  3.00000000e+00
 223.60000  3.00000000e+00  2.00000000e+00
 223.70000  2.00000000e+00  2.50000000e+00
 223.80000  6.00000000e+00  4.00000000e+00
 223.90000  1.00000000e+00  3.50000000e+00
 224.00000  2.00000000e+00  1.50000000e+00
 224.10000  2.00000000e+00  2.00000000e+00
 224.20000  0.00000000e+00  1.00000000e+00
 224.30000  2.00000000e+00  1.00000000e+00
 224.40000  3.00000000e+00  2.50000000e+00
 224.50000  2.00000000e+00  2.50000000e+00
 224.60000  2.00000000e+00  2.00000000e+00
 224.70000  1.00000000e+00  1.50000000e+00
 224.80000  3.00000000e+00  2.00000000e+00
 224.90000  2.00000000e+00  2.50000000e+00
 225.00000  0.00000000e+00  1.00000000e+00
 225.10000  1.00000000e+00  5.00000000e-01
 225.20000  1.00000000e+00  1.00000000e+00
 225.30000  1.00000000e+00  1.00000000e+00
 225.40000  1.00000000e+00  1.00000000e+00
 225.50000  0.00000000e+00  5.00000000e-01
 225.60000  1.00000000e+00  5.00000000e-01
 225.70000  1.00000000e+00  1.00000000e+00
 225.80000  2.00000000e+00  1.50000000e+00
 225.90000  4.00000000e+00  3.00000000e+00
 226.00000  1.00000000e+00  2.50000000e+00
 226.10000  1.00000000e+00  1.00000000e+00
 226.20000  2.00000000e+00  1.50000000e+00
 226.30000  2.00000000e+00  2.00000000e+00
 226.40000  1.00000000e+00  1.50000000e+00
 226.50000  1.00000000e+00  1.00000000e+00
 226.60000  3.00000000e+00  2.00000000e+00
 226.70000  0.00000000e+00  1.50000000e+00
 226.80000  1.00000000e+00  5.00000000e-01
 226.90000  2.00000000e+00  1.50000000e+00
 227.00000  2.00000000e+00  2.00000000e+00
 227.10000  2.00000000e+00  2.00000000e+00
 227.20000  1.00000000e+00  1.50000000e+00
 227.30000  0.00000000e+00  5.00000000e-01
 227.40000  2.00000000e+00  1.00000000e+00
 227.50000  0.00000000e+00  1.00000000e+00
 227.60000  0.00000000e+00  0.00000000e+00
 227.70000  1.00000000e+00  5.00000000e-01
 227.80000  1.00000000e+00  1.00000000e+00
 227.90000  2.00000000e+00  1.50000000e+00
 228.00000  2.00000000e+00  2.00000000e+00
 228.10000  0.00000000e+00  1.00000000e+00
 228.20000  1.00000000e+00  5.00000000e-01
 228.30000  0.00000000e+00  5.00000000e-01
 228.40000  1.00000000e+00  5.00000000e-01
 228.50000  0.00000000e+00  5.00000000e-01
 228.60000  2.00000000e+00  1.00000000e+00
 228.70000  6.00000000e+00  4.00000000e+00
 228.80000  1.00000000e+00  3.50000000e+00
 228.90000  0.00000000e+00  5.00000000e-01
 229.00000  2.00000000e+00  1.00000000e+00
 229.10000  1.00000000e+00  1.50000000e+00
 229.20000  0.00000000e+00  5.00000000e-01
 229.30000  1.00000000e+00  5.00000000e-01
 229.40000  2.00000000e+00  1.50000000e+00
 229.50000  0.00000000e+00  1.00000000e+00
 229.60000  2.00000000e+00  1.00000000e+00
 229.70000  1.00000000e+00  1.50000000e+00
 229.80000  0.00000000e+00  5.00000000e-01
 229.90000  1.00000000e+00  5.00000000e-01
 230.00000  1.00000000e+00  1.00000000e+00
