1.226188374500000100e+04 3.699766936705694946e-03
1.226925168800000029e+04 3.376771410485356843e-04
1.227511880399999973e+04 6.375088987242264610e-03
1.227574104199999965e+04 6.806233650641926695e-03
1.227728944400000000e+04 1.468161482819720300e-05
1.228243917200000033e+04 6.838799361889017674e-04
1.228248674700000083e+04 1.221892055888100601e-03
1.228877729299999919e+04 8.338337369000924093e-02
1.228939953099999912e+04 8.855401740827509305e-02
1.228980711499999961e+04 3.256571124709055842e-05
1.229002609400000074e+04 9.383882134666238217e-02
1.229052450300000055e+04 8.348330816626774555e-05
1.229605441100000098e+04 1.048786826815638340e-02
1.229609766099999979e+04 1.878418551084623175e-02
1.229614523600000030e+04 2.523444203776595632e-02
1.230275254099999984e+04 5.519930667450727649e-04
1.230285921199999939e+04 1.021527809570968448e-01
1.230346560400000089e+04 1.412344775251596482e-03
1.230348144999999931e+04 1.078528959851044466e-01
1.230410801300000094e+04 1.135424454698987923e-01
1.230418299200000001e+04 2.413729238395004566e-03
1.230473890100000062e+04 1.193719867896078229e-01
1.231009740500000044e+04 1.503202796609876164e-02
1.231013632999999936e+04 2.696633079910096265e-02
1.231017957999999999e+04 3.633546763134534729e-02
1.231022715500000049e+04 4.350951781505977417e-02
1.231612572200000068e+04 8.842369391822801732e-04
1.231683446000000004e+04 2.254151490946520228e-03
1.231736456100000032e+04 9.489166616272686205e-01
1.231754752299999927e+04 3.845023029771994696e-03
1.231798679900000025e+04 9.953179725103858955e-01
1.231826491100000021e+04 5.476026269629947867e-03
1.231861336200000005e+04 1.040119262078050832e+00
1.231924424999999974e+04 1.084408799247412292e+00
1.231987946299999930e+04 1.130353399958433203e+00
1.232456815400000050e+04 1.630317403786201713e-01
1.232460275399999955e+04 2.926182474159683689e-01
1.232464167900000029e+04 3.952453195896593607e-01
1.232468492900000092e+04 4.750381232435932355e-01
1.232473250399999961e+04 5.349285102310582518e-01
1.232992665800000032e+04 1.086878269190801050e-02
1.233063107099999979e+04 2.754054093326761127e-02
1.233133980900000097e+04 4.680536679351229162e-02
1.233205287200000021e+04 6.653195003411670194e-02
1.233229334000000017e+04 8.245697995157813542e-01
1.233277025999999933e+04 8.527845815277741714e-02
1.233291557800000010e+04 8.585311523702923164e-01
1.233354214099999990e+04 8.896989269355126684e-01
1.233417302899999959e+04 9.187492566932283777e-01
1.233480824199999915e+04 9.471512349694550803e-01
1.233544778000000042e+04 9.777334595484638013e-01
1.233946665799999937e+04 1.650718827809094791e-01
1.233949693300000035e+04 2.959847609279547265e-01
1.233953153299999940e+04 4.004804452252534452e-01
1.233957045800000014e+04 4.829794174792783057e-01
1.233961370800000077e+04 5.463380060538224336e-01
1.233966128299999946e+04 5.926595434019678033e-01
1.234415534900000057e+04 1.269783713699303845e-02
1.234485543700000017e+04 3.187528194608742899e-02
1.234555984999999964e+04 5.384611028238701219e-02
1.234626858800000082e+04 7.625990802304394300e-02
1.234698165100000006e+04 9.756035822389685919e-02
1.234764554900000076e+04 5.424703082203208737e+00
1.234769903899999917e+04 1.167130047108734664e-01
1.234826778700000068e+04 5.601061247823793110e+00
1.234889435000000049e+04 5.749119955087879319e+00
1.234952523800000017e+04 5.871599453068998109e+00
1.235016045099999974e+04 5.975508561459170309e+00
1.235079998899999919e+04 6.074988244368771717e+00
1.235144385200000033e+04 6.197398048392265935e+00
1.235479291700000067e+04 1.262432935783609711e+00
1.235481886699999995e+04 2.256424205051257736e+00
1.235484914199999912e+04 3.055657787109803625e+00
1.235488374199999998e+04 3.696932988969369394e+00
1.235492266700000073e+04 4.201279967179603503e+00
1.235496591699999954e+04 4.582686475492194766e+00
1.235501349200000004e+04 4.852095534637315133e+00
1.235881179499999962e+04 1.147666305257827035e-01
1.235950755799999934e+04 2.840254244120464233e-01
1.236020764600000075e+04 4.753245446615249614e-01
1.236091205900000023e+04 6.691281427998859721e-01
1.236162079699999958e+04 8.528914219086413118e-01
1.236233386000000064e+04 1.018374772331598788e+00
1.236305124799999976e+04 1.160283714804575261e+00
1.236342118800000026e+04 3.332418619947550287e+00
1.236404342600000018e+04 3.407987098895799427e+00
1.236466998899999999e+04 3.459633611104054651e+00
1.236530087699999967e+04 3.488038591379937436e+00
1.236593608999999924e+04 3.495981727279214635e+00
1.236657562800000051e+04 3.489560989814753267e+00
1.236721949099999983e+04 3.480766617029494636e+00
1.236786767900000086e+04 3.493825265335650521e+00
1.237054693100000077e+04 8.984122110863101973e-01
1.237056855600000017e+04 1.595351366138518356e+00
1.237059450599999946e+04 2.160204422266275959e+00
1.237062478100000044e+04 2.621986295459410865e+00
1.237065938099999948e+04 2.994780608760552187e+00
1.237069830600000023e+04 3.286651930548852629e+00
1.237074155600000086e+04 3.503315409354422982e+00
1.237078913099999954e+04 3.649791821847317319e+00
1.237389599599999929e+04 9.982357900959001884e-02
1.237458743400000094e+04 2.417199039603815935e-01
1.237528319700000065e+04 3.988069702645433146e-01
1.237598328500000025e+04 5.561789111580568434e-01
1.237668769799999973e+04 7.046542608848358480e-01
1.237739643600000090e+04 8.382958365367517706e-01
1.237810949900000014e+04 9.532831045862375507e-01
1.237882688699999926e+04 1.047331566269230185e+00
1.237962025700000049e+04 1.546470031822871150e+01
1.238024249500000042e+04 1.564159422505694153e+01
1.238086905800000022e+04 1.567506330219477384e+01
1.238149994599999991e+04 1.556431092490170442e+01
1.238213515899999948e+04 1.531612284744916153e+01
1.238277469700000074e+04 1.494825999811588169e+01
1.238341856000000007e+04 1.449640448850752783e+01
1.238406674799999928e+04 1.403111897707045230e+01
1.238672869999999966e+04 4.797993313806485638e+00
1.238674599999999919e+04 8.418671386242269961e+00
1.238676762500000041e+04 1.139003209811306050e+01
1.238679357499999969e+04 1.388052714110760277e+01
1.238682385000000068e+04 1.595429463275954518e+01
1.238685844999999972e+04 1.763955238155526573e+01
1.238689737500000047e+04 1.895257653810822873e+01
1.238694062499999927e+04 1.990748355916337786e+01
1.238698819999999978e+04 2.052046772995733193e+01
1.238940795199999957e+04 6.854276162580693610e-01
1.239009506499999952e+04 1.603556454522337305e+00
1.239078650299999936e+04 2.588643658662058922e+00
1.239148226600000089e+04 3.559109523360924232e+00
1.239218235400000049e+04 4.467202497172672260e+00
1.239288676699999996e+04 5.282432798754518544e+00
1.239359550499999932e+04 5.985024169928913729e+00
1.239430856800000038e+04 6.562906667856058363e+00
1.239502595599999950e+04 7.010097671724554225e+00
1.239624275599999964e+04 6.683345278522387467e+00
1.240356312400000024e+04 1.042331737318519025e+01
1.240361069900000075e+04 1.067478759763992535e+01
1.241021800400000029e+04 3.879801955889270015e+00
1.241093106699999953e+04 4.136237052851266860e+00
1.241164845500000047e+04 4.319897322121842187e+00
1.242065662800000064e+04 4.168149971073436433e+01
1.242797699599999942e+04 1.944057525722305257e+01
1.242869438400000035e+04 1.993463029643817563e+01
1.243075804400000015e+04 6.562031831026518880e+00
1.243807841200000075e+04 1.478261406168663861e+01
1.243812598699999944e+04 1.509267321136099405e+01
1.244473329200000080e+04 8.253650862234332308e+00
1.244544635500000004e+04 8.447208035249508029e+00
1.244616374299999916e+04 8.530641380334474277e+00
1.244865083299999969e+04 7.736040503109316013e+00
1.244927307099999962e+04 7.331874097009837499e+00
1.244989963399999942e+04 6.786134970462994076e+00
1.245053052199999911e+04 6.100041452722324564e+00
1.245116573500000050e+04 5.279332425475872448e+00
1.245180527299999994e+04 4.335064113747557180e+00
1.245244913599999927e+04 3.285222417534483075e+00
1.245309732400000030e+04 2.159108449893525794e+00
1.245575927600000068e+04 1.550461844057702088e+01
1.245577657600000020e+04 2.098653413296507253e+01
1.245579820099999961e+04 2.576466099677506705e+01
1.245582415100000071e+04 2.990309531523825726e+01
1.245585442599999988e+04 3.340827550496450726e+01
1.245588902600000074e+04 3.627390905013892564e+01
1.245592795099999967e+04 3.849677423958364386e+01
1.245597120100000029e+04 4.008293153034716738e+01
1.245601877600000080e+04 4.104996183632929529e+01
1.245775574000000051e+04 7.224860411759806311e+00
1.245843852800000059e+04 8.543361181542438842e+00
1.245912564100000054e+04 9.672805855522994989e+00
1.245981707900000038e+04 1.064655413089878699e+01
1.246051284200000009e+04 1.146580222738129606e+01
1.246121292999999969e+04 1.212596666476489560e+01
1.246191734299999916e+04 1.262324862644478607e+01
1.246262608100000034e+04 1.295667055431970383e+01
1.246333914399999958e+04 1.312870017370907405e+01
1.246405653200000052e+04 1.314529968823097228e+01
1.246696705199999997e+04 1.901979684006371185e+00
1.246758928999999989e+04 1.779501096515566871e+00
1.246821585299999970e+04 1.617634560339364036e+00
1.246884674099999938e+04 1.416319544605810110e+00
1.246948195400000077e+04 1.176735090152922547e+00
1.247012149200000022e+04 9.018451967563505534e-01
1.247076535499999954e+04 5.980111786853039568e-01
1.247141354300000057e+04 2.807313706499652284e-01
1.247407549499999914e+04 2.015939860011459306e+00
1.247409279500000048e+04 3.820192491804726309e+00
1.247411441999999988e+04 5.359952045994205605e+00
1.247414036999999917e+04 6.665240739875651244e+00
1.247417064500000015e+04 7.756798689972878691e+00
1.247420524499999919e+04 8.646737675202494700e+00
1.247424416999999994e+04 9.343457220520166473e+00
1.247428742000000057e+04 9.854772789193271265e+00
1.247433499499999925e+04 1.018956997956538402e+01
1.247607195900000079e+04 9.393900367756066183e-01
1.247675474700000086e+04 1.555153606294553903e+00
1.247744186000000082e+04 2.012282464818950345e+00
1.247813329800000065e+04 2.373060232878190234e+00
1.247882906100000037e+04 2.662152366518381719e+00
1.247952914899999996e+04 2.890508785902979660e+00
1.248023356199999944e+04 3.063757570729188640e+00
1.248094230000000061e+04 3.185521605888032237e+00
1.248165536299999985e+04 3.258853435579785796e+00
1.248237275100000079e+04 3.286878397266619345e+00
1.248570670099999916e+04 3.423016671228489294e+00
1.248632893900000090e+04 3.128318845011388571e+00
1.248695550200000071e+04 2.750011105648205945e+00
1.248758639000000039e+04 2.288869253662015435e+00
1.248822160299999996e+04 1.750414039708475533e+00
1.248886114099999941e+04 1.149866153701221805e+00
1.248950500400000055e+04 5.271419814002736848e-01
1.249283244399999967e+04 3.367468554496908073e+00
1.249285406900000089e+04 6.834019258867836122e+00
1.249288001900000017e+04 9.914662243648287188e+00
1.249291029399999934e+04 1.253551721145392861e+01
1.249294489400000020e+04 1.469962698462938810e+01
1.249298381899999913e+04 1.642556633302713109e+01
1.249302706899999976e+04 1.773575807998191678e+01
1.249307464400000026e+04 1.865497066359757383e+01
1.249549439600000005e+04 1.370855232516138722e+00
1.249618150900000001e+04 2.565690327235739865e+00
1.249687294699999984e+04 3.529968625448261843e+00
1.249756870999999956e+04 4.302220302963754683e+00
1.249826879799999915e+04 4.913922746889939575e+00
1.249897321100000045e+04 5.386009912455587134e+00
1.249968194899999980e+04 5.733023152247696430e+00
1.250039501200000086e+04 5.966278788960052815e+00
1.250111239999999998e+04 6.095737105847438109e+00
1.250486978000000090e+04 5.532078341414905509e-01
1.250549201800000083e+04 4.868552998422570610e-01
1.250611858100000063e+04 4.046355100706496288e-01
1.250674946900000032e+04 3.077681110041121659e-01
1.250738468199999988e+04 1.997703844159551267e-01
1.250802421999999933e+04 8.947592281576290107e-02
1.251201714800000082e+04 5.317837887128393781e-01
1.251204309800000010e+04 1.131535649758525608e+00
1.251207337299999926e+04 1.685562618509621302e+00
1.251210797300000013e+04 2.162897106327065444e+00
1.251214689800000087e+04 2.556284834871330069e+00
1.251219014799999968e+04 2.866348971289982561e+00
1.251223772300000019e+04 3.096793060961360311e+00
1.251534458799999993e+04 1.996471580191800377e-01
1.251603602599999977e+04 4.028665066006359985e-01
1.251673178899999948e+04 5.784892315925243000e-01
1.251743187700000090e+04 7.230325845054739187e-01
1.251813629000000037e+04 8.382161796146413435e-01
1.251884502799999973e+04 9.265375035406204773e-01
1.251955809100000079e+04 9.904240047649219836e-01
1.252027547899999990e+04 1.032152847917502170e+00
1.252445628899999974e+04 6.432454247671788305e-01
1.252507852699999967e+04 5.334344045546469681e-01
1.252570508999999947e+04 4.034470143921318752e-01
1.252633597799999916e+04 2.590411523412793349e-01
1.252697119100000054e+04 1.138192106944603960e-01
1.253162960700000076e+04 6.446926300146450517e-01
1.253165988199999993e+04 1.418698258300980397e+00
1.253169448200000079e+04 2.156544243565465813e+00
1.253173340699999972e+04 2.800853311453068706e+00
1.253177665700000034e+04 3.332862891267050820e+00
1.253182423200000085e+04 3.749346549492470704e+00
1.253562253500000043e+04 2.295332610515654070e-01
1.253631829800000014e+04 4.869007275635081067e-01
1.253701838599999974e+04 7.209088927366461563e-01
1.253772279899999921e+04 9.184111763920003169e-01
1.253843153700000039e+04 1.077336532937231084e+00
1.253914459999999963e+04 1.199125273048462725e+00
1.253986198800000057e+04 1.286401509892029171e+00
1.254446622799999932e+04 6.518338336093133789e-02
1.254508846599999924e+04 4.905892299258812761e-02
1.254571502900000087e+04 3.121750620826359984e-02
1.254634591700000055e+04 1.351101848078277087e-02
1.255166982099999950e+04 7.399619023198868162e-02
1.255170442100000037e+04 1.668668521771889401e-01
1.255174334599999929e+04 2.575890226556151186e-01
1.255178659599999992e+04 3.377362219241811236e-01
1.255183417100000042e+04 4.040860523195234921e-01
1.255632823699999972e+04 2.539567427398607691e-02
1.255702832499999931e+04 5.578174340565299899e-02
1.255773273800000061e+04 8.446448671746982495e-02
1.255844147599999997e+04 1.091720788540418569e-01
1.255915453899999920e+04 1.292357992056815397e-01
1.255987192700000014e+04 1.446226362721692860e-01
1.256489959699999963e+04 4.500790489931708743e-02
1.256552183499999956e+04 2.843765635743959741e-02
1.256614839799999936e+04 1.216513756816433624e-02
1.257213779000000068e+04 6.502627720354851870e-02
1.257217671499999960e+04 1.493148985116490857e-01
1.257221996500000023e+04 2.332005332286730404e-01
1.257226754000000074e+04 3.079891422542456736e-01
1.257746169399999962e+04 2.173756538381602099e-02
1.257816610700000092e+04 4.896096165914241849e-02
1.257887484500000028e+04 7.538127494113031069e-02
1.257958790799999952e+04 9.850184810245850298e-02
1.258030529600000045e+04 1.174123699204906446e-01
1.258575639600000068e+04 2.422595595820478502e-03
1.258637863400000060e+04 1.027170437953375814e-03
1.259303351400000065e+04 5.393266159820192529e-03
1.259307676399999946e+04 1.255225245446475735e-02
1.259312433899999996e+04 1.977705355229989609e-02
1.259902290600000015e+04 1.768473878364560346e-03
1.259973164399999951e+04 4.057472683703736323e-03
1.260044470700000056e+04 6.325146109581636540e-03
1.260116209499999968e+04 8.333083453784704067e-03
1.260703662500000064e+04 6.591571042688477381e-04
1.261435699299999942e+04 3.415306456517496880e-03
1.261440456799999993e+04 8.029140648380077641e-03
1.262101187299999947e+04 1.103986133490145530e-03
1.262172493600000053e+04 2.567899591366538860e-03
1.262244232399999964e+04 4.040372855574247274e-03
1.263610822700000062e+04 2.036486759813500912e-04
1.264342859499999940e+04 6.513142249418111683e-05
1.264414598300000034e+04 1.530527316381575403e-04
1.266627307199999996e+04 2.936322965639440600e-05
