  70.00000  4.00000000e+00  4.50000000e+00
  70.10000  5.00000000e+00  3.50000000e+00
  70.20000  2.00000000e+00  2.50000000e+00
  70.30000  3.00000000e+00  2.00000000e+00
  70.40000  1.00000000e+00  2.00000000e+00
  70.50000  3.00000000e+00  2.50000000e+00
  70.60000  2.00000000e+00  1.00000000e+00
  70.70000  0.00000000e+00  2.50000000e+00
  70.80000  5.00000000e+00  3.00000000e+00
  70.90000  1.00000000e+00  1.50000000e+00
  71.00000  2.00000000e+00  2.00000000e+00
  71.10000  2.00000000e+00  1.00000000e+00
  71.20000  0.00000000e+00  2.00000000e+00
  71.30000  4.00000000e+00  2.50000000e+00
  71.40000  1.00000000e+00  1.50000000e+00
  71.50000  2.00000000e+00  1.50000000e+00
  71.60000  1.00000000e+00  1.50000000e+00
  71.70000  2.00000000e+00  1.50000000e+00
  71.80000  1.00000000e+00  1.50000000e+00
  71.90000  2.00000000e+00  3.00000000e+00
  72.00000  4.00000000e+00  3.50000000e+00
  72.10000  3.00000000e+00  3.50000000e+00
  72.20000  4.00000000e+00  2.50000000e+00
  72.30000  1.00000000e+00  1.50000000e+00
  72.40000  2.00000000e+00  4.00000000e+00
  72.50000  6.00000000e+00  3.50000000e+00
  72.60000  1.00000000e+00  2.00000000e+00
  72.70000  3.00000000e+00  3.00000000e+00
  72.80000  3.00000000e+00  2.50000000e+00
  72.90000  2.00000000e+00  3.00000000e+00
  73.00000  4.00000000e+00  4.00000000e+00
  73.10000  4.00000000e+00  2.50000000e+00
  73.20000  1.00000000e+00  2.00000000e+00
  73.30000  3.00000000e+00  3.00000000e+00
  73.40000  3.00000000e+00  2.50000000e+00
  73.50000  2.00000000e+00  2.00000000e+00
  73.60000  2.00000000e+00  1.00000000e+00
  73.70000  0.00000000e+00  1.00000000e+00
  73.80000  2.00000000e+00  2.00000000e+00
  73.90000  2.00000000e+00  2.50000000e+00
  74.00000  3.00000000e+00  2.50000000e+00
  74.10000  2.00000000e+00  1.50000000e+00
  74.20000  1.00000000e+00  2.00000000e+00
  74.30000  3.00000000e+00  3.00000000e+00
  74.40000  3.00000000e+00  3.50000000e+00
  74.50000  4.00000000e+00  2.50000000e+00
  74.60000  1.00000000e+00  1.50000000e+00
  74.70000  2.00000000e+00  2.00000000e+00
  74.80000  2.00000000e+00  2.50000000e+00
  74.90000  3.00000000e+00  2.00000000e+00
  75.00000  1.00000000e+00  1.50000000e+00
  75.10000  2.00000000e+00  3.00000000e+00
  75.20000  4.00000000e+00  3.50000000e+00
  75.30000  3.00000000e+00  2.00000000e+00
  75.40000  1.00000000e+00  1.50000000e+00
  75.50000  2.00000000e+00  2.50000000e+00
  75.60000  3.00000000e+00  2.50000000e+00
  75.70000  2.00000000e+00  1.50000000e+00
  75.80000  1.00000000e+00  1.50000000e+00
  75.90000  2.00000000e+00  3.50000000e+00
  76.00000  5.00000000e+00  3.00000000e+00
  76.10000  1.00000000e+00  1.50000000e+00
  76.20000  2.00000000e+00  2.50000000e+00
  76.30000  3.00000000e+00  3.50000000e+00
  76.40000  4.00000000e+00  3.50000000e+00
  76.50000  3.00000000e+00  4.00000000e+00
  76.60000  5.00000000e+00  4.50000000e+00
  76.70000  4.00000000e+00  5.00000000e+00
  76.80000  6.00000000e+00  4.00000000e+00
  76.90000  2.00000000e+00  3.50000000e+00
  77.00000  5.00000000e+00  4.50000000e+00
  77.10000  4.00000000e+00  4.00000000e+00
  77.20000  4.00000000e+00  2.50000000e+00
  77.30000  1.00000000e+00  1.50000000e+00
  77.40000  2.00000000e+00  2.50000000e+00
  77.50000  3.00000000e+00  1.50000000e+00
  77.60000  0.00000000e+00  2.00000000e+00
  77.70000  4.00000000e+00  3.00000000e+00
  77.80000  2.00000000e+00  3.00000000e+00
  77.90000  4.00000000e+00  3.50000000e+00
  78.00000  3.00000000e+00  2.00000000e+00
  78.10000  1.00000000e+00  3.50000000e+00
  78.20000  6.00000000e+00  3.50000000e+00
  78.30000  1.00000000e+00  1.00000000e+00
  78.40000  1.00000000e+00  1.00000000e+00
  78.50000  1.00000000e+00  2.00000000e+00
  78.60000  3.00000000e+00  3.50000000e+00
  78.70000  4.00000000e+00  4.00000000e+00
  78.80000  4.00000000e+00  3.50000000e+00
  78.90000  3.00000000e+00  3.50000000e+00
  79.00000  4.00000000e+00  2.50000000e+00
  79.10000  1.00000000e+00  2.00000000e+00
  79.20000  3.00000000e+00  2.50000000e+00
  79.30000  2.00000000e+00  1.00000000e+00
  79.40000  0.00000000e+00  2.50000000e+00
  79.50000  5.00000000e+00  4.00000000e+00
  79.60000  3.00000000e+00  3.00000000e+00
  79.70000  3.00000000e+00  2.00000000e+00
  79.80000  1.00000000e+00  2.00000000e+00
  79.90000  3.00000000e+00  2.50000000e+00
  80.00000  2.82139757e+00  3.37963649e-03
  80.10000  2.82303394e+00  3.89980795e-03
  80.20000  2.84817693e+00  4.27220336e-03
  80.30000  2.84402522e+00  4.34756922e-03
  80.40000  2.86226619e+00  4.27368104e-03
  80.50000  2.86502390e+00  3.90276335e-03
  80.60000  2.88215277e+00  3.82887549e-03
  80.70000  2.88416969e+00  3.75498753e-03
  80.80000  2.85614191e+00  3.67666618e-03
  80.90000  2.87343889e+00  4.18944882e-03
  81.00000  2.87597675e+00  3.81114239e-03
  81.10000  2.87793826e+00  3.72838782e-03
  81.20000  2.87969100e+00  3.64415548e-03
  81.30000  2.85865207e+00  3.40771390e-03
  81.40000  2.86033646e+00  3.91015236e-03
  81.50000  2.84760351e+00  3.81557560e-03
  81.60000  2.84227875e+00  3.86581940e-03
  81.70000  2.85126234e+00  3.32052616e-03
  81.80000  2.84469618e+00  3.36781447e-03
  81.90000  2.85243096e+00  2.81956562e-03
  82.00000  2.83732974e+00  3.01167428e-03
  82.10000  2.84528252e+00  3.35008124e-03
  82.20000  2.86826782e+00  3.09590662e-03
  82.30000  2.89099264e+00  3.14171715e-03
  82.40000  2.88360626e+00  2.89049801e-03
  82.50000  2.86868053e+00  3.08112911e-03
  82.60000  2.89210549e+00  3.71656576e-03
  82.70000  2.86431416e+00  3.90424125e-03
  82.80000  2.87411981e+00  3.93970738e-03
  82.90000  2.86217753e+00  4.41850156e-03
  83.00000  2.87289207e+00  4.15250491e-03
  83.10000  2.88368421e+00  4.48056747e-03
  83.20000  2.89529657e+00  4.80863014e-03
  83.30000  2.86294195e+00  5.13225955e-03
  83.40000  2.86124351e+00  5.44997793e-03
  83.50000  2.88945122e+00  5.17363680e-03
  83.60000  2.88748493e+00  5.19432544e-03
  83.70000  2.88556665e+00  5.21205861e-03
  83.80000  2.84655201e+00  5.37165669e-03
  83.90000  2.85233934e+00  5.22831388e-03
  84.00000  2.85048758e+00  5.23126937e-03
  84.10000  2.86356857e+00  5.23274722e-03
  84.20000  2.86172418e+00  5.23274727e-03
  84.30000  2.85222591e+00  5.08053796e-03
  84.40000  2.85036306e+00  5.37017881e-03
  84.50000  2.84194180e+00  5.80464027e-03
  84.60000  2.87136691e+00  5.79281813e-03
  84.70000  2.86325784e+00  5.63174230e-03
  84.80000  2.87694846e+00  5.31993497e-03
  84.90000  2.87530174e+00  5.30367972e-03
  85.00000  2.88126087e+00  5.43372256e-03
  85.10000  2.90135842e+00  4.67267614e-03
  85.20000  2.90536863e+00  4.50568938e-03
  85.30000  2.92425985e+00  4.63573226e-03
  85.40000  2.93582788e+00  4.61799916e-03
  85.50000  2.94660893e+00  4.00620659e-03
  85.60000  2.94167396e+00  3.98699577e-03
  85.70000  2.95889519e+00  3.81853117e-03
  85.80000  2.94621027e+00  3.94561851e-03
  85.90000  2.94802398e+00  3.47569089e-03
  86.00000  2.96359001e+00  3.00576334e-03
  86.10000  2.97909692e+00  3.42840261e-03
  86.20000  2.96506161e+00  3.25550469e-03
  86.30000  2.96551752e+00  3.07965128e-03
  86.40000  2.98773989e+00  2.75602187e-03
  86.50000  3.00952810e+00  2.73237775e-03
  86.60000  3.03088959e+00  2.41465933e-03
  86.70000  3.05948193e+00  2.54617997e-03
  86.80000  3.05892182e+00  2.97620806e-03
  86.90000  3.08201427e+00  3.55548988e-03
  87.00000  3.07595796e+00  3.54071225e-03
  87.10000  3.10736933e+00  3.67518840e-03
  87.20000  3.12419340e+00  3.81262015e-03
  87.30000  3.12680516e+00  4.24708152e-03
  87.40000  3.13666623e+00  3.64120000e-03
  87.50000  3.14538382e+00  3.33234817e-03
  87.60000  3.13914277e+00  3.61607804e-03
  87.70000  3.11065685e+00  3.44909121e-03
  87.80000  3.12690270e+00  3.57617853e-03
  87.90000  3.15000438e+00  2.96290819e-03
  88.00000  3.15048247e+00  3.38998084e-03
  88.10000  3.16621290e+00  3.22299401e-03
  88.20000  3.15166957e+00  3.05452938e-03
  88.30000  3.19678706e+00  3.18457215e-03
  88.40000  3.18943024e+00  2.87128714e-03
  88.50000  3.16672868e+00  2.85059850e-03
  88.60000  3.13668915e+00  2.97177481e-03
  88.70000  3.15135921e+00  2.79296590e-03
  88.80000  3.17323427e+00  2.76488848e-03
  88.90000  3.18776393e+00  2.88754260e-03
  89.00000  3.18767305e+00  3.01019647e-03
  89.10000  3.19553716e+00  3.28062656e-03
  89.20000  3.21024232e+00  2.51219152e-03
  89.30000  3.22377075e+00  2.33929359e-03
  89.40000  3.21466078e+00  2.31417175e-03
  89.50000  3.19746283e+00  1.83981091e-03
  89.60000  3.19548765e+00  2.55061338e-03
  89.70000  3.20910288e+00  2.37032661e-03
  89.80000  3.22226923e+00  2.19151763e-03
  89.90000  3.22696885e+00  1.56790304e-03
  90.00000  3.23813083e+00  1.39057189e-03
  90.10000  3.24847997e+00  9.17688698e-04
  90.20000  3.27332038e+00  1.04182057e-03
  90.30000  3.29810535e+00  8.73355999e-04
  90.40000  3.31519581e+00  8.57100684e-04
  90.50000  3.31657760e+00  2.48263699e-04
  90.60000  3.32408740e+00 -2.11319726e-04
  90.70000  3.35302924e+00 -5.18693660e-04
  90.80000  3.39688169e+00 -2.24619460e-04
  90.90000  3.37337137e+00 -6.70902989e-04
  91.00000  3.36441143e+00 -5.26082526e-04
  91.10000  3.38529852e+00 -6.76813932e-04
  91.20000  3.37595618e+00 -8.26067599e-04
  91.30000  3.37351768e+00 -1.12457512e-03
  91.40000  3.38600458e+00 -8.27545397e-04
  91.50000  3.38356609e+00 -1.12309741e-03
  91.60000  3.41024680e+00 -1.41569389e-03
  91.70000  3.42929579e+00 -1.25757365e-03
  91.80000  3.42616641e+00 -1.24575150e-03
  91.90000  3.44490321e+00 -1.67725734e-03
  92.00000  3.43345120e+00 -1.51322591e-03
  92.10000  3.41475726e+00 -1.49992595e-03
  92.20000  3.37351363e+00 -1.64031323e-03
  92.30000  3.37706826e+00 -1.48662626e-03
  92.40000  3.38026637e+00 -1.92552094e-03
  92.50000  3.36781125e+00 -2.06738593e-03
  92.60000  3.36190718e+00 -2.65553437e-03
  92.70000  3.39241224e+00 -2.79444375e-03
  92.80000  3.39234981e+00 -3.22594945e-03
  92.90000  3.38430281e+00 -3.21117186e-03
  93.00000  3.42107995e+00 -3.19196102e-03
  93.10000  3.42040789e+00 -3.31609279e-03
  93.20000  3.39647675e+00 -3.88650812e-03
  93.30000  3.39369503e+00 -4.30914749e-03
  93.40000  3.38220829e+00 -4.87956272e-03
  93.50000  3.35473767e+00 -5.15442590e-03
  93.60000  3.34187651e+00 -5.13373722e-03
  93.70000  3.33671727e+00 -4.96379485e-03
  93.80000  3.31705569e+00 -4.79385247e-03
  93.90000  3.31163228e+00 -5.51499924e-03
  94.00000  3.29712884e+00 -6.08689233e-03
  94.10000  3.29612462e+00 -6.65730759e-03
  94.20000  3.27149003e+00 -7.07846914e-03
  94.30000  3.26110099e+00 -7.20260099e-03
  94.40000  3.28865437e+00 -6.57898625e-03
  94.50000  3.26422667e+00 -6.99128125e-03
  94.60000  3.25369537e+00 -7.40357621e-03
  94.70000  3.23522755e+00 -7.36958767e-03
  94.80000  3.22412358e+00 -7.48337526e-03
  94.90000  3.20508677e+00 -7.74493876e-03
  95.00000  3.18725261e+00 -6.52135385e-03
  95.10000  3.21652216e+00 -5.88739485e-03
  95.20000  3.21678708e+00 -5.84158413e-03
  95.30000  3.20952001e+00 -5.94207180e-03
  95.40000  3.17979563e+00 -5.89478350e-03
  95.50000  3.16548617e+00 -5.55194326e-03
  95.60000  3.17387048e+00 -5.65243092e-03
  95.70000  3.12994304e+00 -5.60514264e-03
  95.80000  3.10833437e+00 -5.71006374e-03
  95.90000  3.07881136e+00 -5.96571609e-03
  96.00000  3.07122471e+00 -6.07359237e-03
  96.10000  3.07064907e+00 -6.32776713e-03
  96.20000  3.07709185e+00 -6.42973258e-03
  96.30000  3.05305578e+00 -6.82724998e-03
  96.40000  3.02074513e+00 -7.07846909e-03
  96.50000  3.03296119e+00 -7.03118078e-03
  96.60000  3.00742325e+00 -7.42722045e-03
  96.70000  2.98854348e+00 -7.67548403e-03
  96.80000  2.97706450e+00 -7.47746416e-03
  96.90000  2.96608243e+00 -7.27796660e-03
  97.00000  2.95485840e+00 -7.67105074e-03
  97.10000  2.95030360e+00 -7.91340335e-03
  97.20000  2.92256733e+00 -8.30353184e-03
  97.30000  2.91680437e+00 -8.24737699e-03
  97.40000  2.89588513e+00 -8.48677425e-03
  97.50000  2.88164624e+00 -8.87394726e-03
  97.60000  2.89778456e+00 -8.06856807e-03
  97.70000  2.89188120e+00 -8.59465059e-03
  97.80000  2.90798814e+00 -8.37298665e-03
  97.90000  2.89405774e+00 -8.74094876e-03
  98.00000  2.86465148e+00 -8.81188123e-03
  98.10000  2.86529545e+00 -8.58430625e-03
  98.20000  2.82172677e+00 -8.35673129e-03
  98.30000  2.80055814e+00 -8.57691741e-03
  98.40000  2.77883901e+00 -8.79710357e-03
  98.50000  2.77149840e+00 -9.01581205e-03
  98.60000  2.75633586e+00 -9.08378906e-03
  98.70000  2.74100516e+00 -9.15028832e-03
  98.80000  2.73390292e+00 -8.47199648e-03
  98.90000  2.69752809e+00 -8.68479392e-03
  99.00000  2.66061760e+00 -8.90054690e-03
  99.10000  2.69090171e+00 -8.66706085e-03
  99.20000  2.68427421e+00 -8.57543969e-03
  99.30000  2.68515833e+00 -8.62863900e-03
  99.40000  2.67826483e+00 -8.82665892e-03
  99.50000  2.66397235e+00 -8.57691750e-03
  99.60000  2.62698425e+00 -9.07048920e-03
  99.70000  2.61935917e+00 -8.97000158e-03
  99.80000  2.57485204e+00 -8.72173793e-03
  99.90000  2.59030500e+00 -8.76902614e-03
 100.00000  2.53828253e+00 -8.96409039e-03
 100.10000  2.50069402e+00 -9.16358802e-03
 100.20000  2.50776157e+00 -9.06457824e-03
 100.30000  2.49250478e+00 -9.11038879e-03
 100.40000  2.49206439e+00 -9.15324375e-03
 100.50000  2.46166423e+00 -9.19462100e-03
 100.60000  2.43115881e+00 -9.23747604e-03
 100.70000  2.40054438e+00 -9.28180878e-03
 100.80000  2.38474633e+00 -9.32614157e-03
 100.90000  2.39141853e+00 -9.21826520e-03
 101.00000  2.36888103e+00 -8.81040356e-03
 101.10000  2.36117837e+00 -9.29215328e-03
 101.20000  2.35992515e+00 -9.62169359e-03
 101.30000  2.34329578e+00 -9.65124881e-03
 101.40000  2.34152346e+00 -9.67784849e-03
 101.50000  2.34734035e+00 -9.55076118e-03
 101.60000  2.33855331e+00 -9.41924045e-03
 101.70000  2.33009877e+00 -9.28476433e-03
 101.80000  2.30631248e+00 -9.74286994e-03
 101.90000  2.28977365e+00 -9.45766221e-03
 102.00000  2.26555691e+00 -9.91429005e-03
 102.10000  2.26352040e+00 -9.62612684e-03
 102.20000  2.26183858e+00 -9.63056018e-03
 102.30000  2.22992179e+00 -9.93054533e-03
 102.40000  2.17578781e+00 -9.49165064e-03
 102.50000  2.17406720e+00 -9.79606922e-03
 102.60000  2.16505478e+00 -9.35421907e-03
 102.70000  2.14950058e+00 -9.05866722e-03
 102.80000  2.15726642e+00 -8.61090599e-03
 102.90000  2.14320854e+00 -8.60499491e-03
 103.00000  2.15211789e+00 -8.14984490e-03
 103.10000  2.13157181e+00 -8.28579881e-03
 103.20000  2.13326509e+00 -8.27102115e-03
 103.30000  2.14227970e+00 -8.39958633e-03
 103.40000  2.15209425e+00 -7.63115129e-03
 103.50000  2.14853701e+00 -7.15531263e-03
 103.60000  2.12285128e+00 -7.42130938e-03
 103.70000  2.13400696e+00 -7.53657459e-03
 103.80000  2.13032412e+00 -7.35037698e-03
 103.90000  2.15733994e+00 -6.86123840e-03
 104.00000  2.15498901e+00 -6.96024822e-03
 104.10000  2.15276556e+00 -6.75927302e-03
 104.20000  2.14339809e+00 -6.70459594e-03
 104.30000  2.12726160e+00 -6.20363537e-03
 104.40000  2.14149312e+00 -6.29377869e-03
 104.50000  2.14132020e+00 -5.78542932e-03
 104.60000  2.16462989e+00 -5.42042276e-03
 104.70000  2.15826065e+00 -5.64504214e-03
 104.80000  2.14479541e+00 -5.12634839e-03
 104.90000  2.13188437e+00 -5.20171430e-03
 105.00000  2.13408530e+00 -4.97857250e-03
 105.10000  2.12956892e+00 -4.60469934e-03
 105.20000  2.10266727e+00 -4.97413925e-03
 105.30000  2.10506769e+00 -5.04654947e-03
 105.40000  2.09273303e+00 -4.82045229e-03
 105.50000  2.09552140e+00 -4.88990689e-03
 105.60000  2.06828169e+00 -4.95936165e-03
 105.70000  2.07109406e+00 -4.73178667e-03
 105.80000  2.05189988e+00 -4.65198759e-03
 105.90000  2.06313279e+00 -4.27368120e-03
 106.00000  2.06692427e+00 -4.63425454e-03
 106.10000  2.05488887e+00 -4.99335009e-03
 106.20000  2.05762736e+00 -4.75690863e-03
 106.30000  2.05368182e+00 -4.36973551e-03
 106.40000  2.05033481e+00 -4.27811441e-03
 106.50000  2.03919721e+00 -4.63129894e-03
 106.60000  2.02754792e+00 -4.68745380e-03
 106.70000  2.00082914e+00 -4.74508651e-03
 106.80000  1.99617054e+00 -4.95197284e-03
 106.90000  2.01394708e+00 -4.70962024e-03
 107.00000  2.01740789e+00 -4.46283447e-03
 107.10000  2.02876826e+00 -4.36086900e-03
 107.20000  2.02508875e+00 -4.55297772e-03
 107.30000  2.02858094e+00 -4.59435505e-03
 107.40000  2.03999490e+00 -4.18649324e-03
 107.50000  2.02183336e+00 -4.37121331e-03
 107.60000  2.02541610e+00 -4.70370923e-03
 107.70000  2.03656403e+00 -4.28993647e-03
 107.80000  2.04147315e+00 -3.72395458e-03
 107.90000  2.03250062e+00 -3.45352448e-03
 108.00000  1.99397480e+00 -3.48307969e-03
 108.10000  2.01545524e+00 -3.21560513e-03
 108.20000  2.00010352e+00 -3.09442878e-03
 108.30000  2.00763214e+00 -2.82399880e-03
 108.40000  2.00016892e+00 -3.14615047e-03
 108.50000  2.00720061e+00 -3.16979465e-03
 108.60000  2.01491953e+00 -2.59642394e-03
 108.70000  2.03900473e+00 -2.01861986e-03
 108.80000  2.01938344e+00 -1.73636767e-03
 108.90000  2.00774299e+00 -1.60484702e-03
 109.00000  2.01863747e+00 -1.62110234e-03
 109.10000  2.04442406e+00 -1.63292449e-03
 109.20000  2.06290964e+00 -1.49105961e-03
 109.30000  2.02203915e+00 -1.35067241e-03
 109.40000  2.01136858e+00 -1.21471859e-03
 109.50000  2.00905756e+00 -6.33958976e-04
 109.60000  2.02238499e+00 -6.45781020e-04
 109.70000  2.06591598e+00 -3.54662334e-04
 109.80000  2.07958517e+00 -6.51691946e-04
 109.90000  2.06339990e+00 -3.54662323e-04
 110.00000  2.06214003e+00 -6.53169867e-04
 110.10000  2.05322627e+00 -5.06871624e-04
 110.20000  2.05158398e+00 -8.06856842e-04
 110.30000  2.04228412e+00 -6.62036360e-04
 110.40000  2.03297318e+00 -8.15723342e-04
 110.50000  2.03820520e+00 -9.69410317e-04
 110.60000  2.03540463e+00 -1.27087327e-03
 110.70000  2.02457148e+00 -1.42456040e-03
 110.80000  2.01298093e+00 -1.87675494e-03
 110.90000  2.00790814e+00 -2.18117337e-03
 111.00000  2.00281689e+00 -1.89153244e-03
 111.10000  1.99882110e+00 -1.30486184e-03
 111.20000  1.99517815e+00 -1.60928032e-03
 111.30000  1.99879561e+00 -1.46741537e-03
 111.40000  1.99511940e+00 -1.47332636e-03
 111.50000  2.01363636e+00 -1.62553570e-03
 111.60000  2.00229150e+00 -1.47923750e-03
 111.70000  1.99056793e+00 -1.92847641e-03
 111.80000  1.98574084e+00 -1.93290979e-03
 111.90000  1.99583173e+00 -1.93586530e-03
 112.00000  1.99024724e+00 -2.53140244e-03
 112.10000  1.99193792e+00 -2.08659674e-03
 112.20000  2.00930029e+00 -1.93586523e-03
 112.30000  2.03469526e+00 -1.63144675e-03
 112.40000  2.04555834e+00 -1.61962473e-03
 112.50000  2.04115429e+00 -1.90335454e-03
 112.60000  2.05134124e+00 -1.88857699e-03
 112.70000  2.03171071e+00 -1.87379928e-03
 112.80000  2.00446323e+00 -2.01123091e-03
 112.90000  2.00635343e+00 -2.44717006e-03
 113.00000  2.01517704e+00 -2.43534791e-03
 113.10000  1.99380446e+00 -2.72055573e-03
 113.20000  1.97973663e+00 -2.56243542e-03
 113.30000  1.98062002e+00 -2.70134482e-03
 113.40000  1.97350777e+00 -2.98803024e-03
 113.50000  1.96567877e+00 -3.27471555e-03
 113.60000  1.97971225e+00 -3.41066945e-03
 113.70000  1.99341135e+00 -3.54219004e-03
 113.80000  1.98495055e+00 -3.22594950e-03
 113.90000  1.99948835e+00 -3.05600716e-03
 114.00000  1.98385582e+00 -3.47864648e-03
 114.10000  1.96753608e+00 -3.60573376e-03
 114.20000  1.94324657e+00 -3.88355252e-03
 114.30000  1.93355912e+00 -3.86581938e-03
 114.40000  1.93847378e+00 -4.14363815e-03
 114.50000  1.92813978e+00 -4.12294962e-03
 114.60000  1.91785751e+00 -4.10226101e-03
 114.70000  1.91453451e+00 -4.52637809e-03
 114.80000  1.91817451e+00 -4.50273399e-03
 114.90000  1.92150600e+00 -4.77316395e-03
 115.00000  1.91688618e+00 -4.89286248e-03
 115.10000  1.94294101e+00 -4.11703854e-03
 115.20000  1.93997271e+00 -4.22787054e-03
 115.30000  1.92945028e+00 -4.18944885e-03
 115.40000  1.93358167e+00 -4.44657902e-03
 115.50000  1.94509537e+00 -4.25447030e-03
 115.60000  1.95709494e+00 -4.05792830e-03
 115.70000  1.93936198e+00 -4.15693815e-03
 115.80000  1.93742265e+00 -3.36485888e-03
 115.90000  1.93672288e+00 -3.16536130e-03
 116.00000  1.95108149e+00 -3.25993793e-03
 116.10000  1.94300123e+00 -3.20378300e-03
 116.20000  1.94196894e+00 -3.59243385e-03
 116.30000  1.93268792e+00 -3.83183104e-03
 116.40000  1.91590081e+00 -3.62642246e-03
 116.50000  1.92183335e+00 -3.56878979e-03
 116.60000  1.90533442e+00 -3.65893313e-03
 116.70000  1.89625844e+00 -3.60130042e-03
 116.80000  1.89460545e+00 -3.69144375e-03
 116.90000  1.88582136e+00 -3.33530365e-03
 117.00000  1.89248545e+00 -3.27471553e-03
 117.10000  1.86944656e+00 -3.21412749e-03
 117.20000  1.85383437e+00 -3.30427084e-03
 117.30000  1.86020287e+00 -3.54219009e-03
 117.40000  1.85870136e+00 -3.62937782e-03
 117.50000  1.84242595e+00 -3.41953592e-03
 117.60000  1.82630203e+00 -3.50820158e-03
 117.70000  1.83981271e+00 -3.59538939e-03
 117.80000  1.81560262e+00 -3.83035320e-03
 117.90000  1.80573045e+00 -4.06679487e-03
 118.00000  1.79526715e+00 -4.30323635e-03
 118.10000  1.79951306e+00 -4.24117041e-03
 118.20000  1.79626767e+00 -4.32540273e-03
 118.30000  1.80120633e+00 -3.66484411e-03
 118.40000  1.80668627e+00 -3.89241916e-03
 118.50000  1.78976429e+00 -3.67371063e-03
 118.60000  1.77301597e+00 -3.75350969e-03
 118.70000  1.77099535e+00 -3.83330876e-03
 118.80000  1.76877708e+00 -3.91163003e-03
 118.90000  1.78166521e+00 -3.68996607e-03
 119.00000  1.78746289e+00 -3.61312253e-03
 119.10000  1.79345639e+00 -3.53332353e-03
 119.20000  1.77670252e+00 -3.89833014e-03
 119.30000  1.78161349e+00 -4.11408308e-03
 119.40000  1.76378076e+00 -4.18058223e-03
 119.50000  1.76033769e+00 -4.54411114e-03
 119.60000  1.75673022e+00 -4.31210294e-03
 119.70000  1.76061222e+00 -4.52342254e-03
 119.80000  1.75669070e+00 -4.58401069e-03
 119.90000  1.76101235e+00 -3.89980791e-03
 120.00000  1.74335514e+00 -4.25447031e-03
 120.10000  3.00000000e+00  2.00000000e+00
 120.20000  1.00000000e+00  2.00000000e+00
 120.30000  3.00000000e+00  2.00000000e+00
 120.40000  2.00000000e+00  2.50000000e+00
 120.50000  1.00000000e+00  1.50000000e+00
 120.60000  1.00000000e+00  1.00000000e+00
 120.70000  2.00000000e+00  1.50000000e+00
 120.80000  1.00000000e+00  1.50000000e+00
 120.90000  1.00000000e+00  1.00000000e+00
 121.00000  3.00000000e+00  2.00000000e+00
 121.10000  4.00000000e+00  3.50000000e+00
 121.20000  1.00000000e+00  2.50000000e+00
 121.30000  2.00000000e+00  1.50000000e+00
 121.40000  2.00000000e+00  2.00000000e+00
 121.50000  0.00000000e+00  1.00000000e+00
 121.60000  3.00000000e+00  1.50000000e+00
 121.70000  1.00000000e+00  2.00000000e+00
 121.80000  2.00000000e+00  1.50000000e+00
 121.90000  1.00000000e+00  1.50000000e+00
 122.00000  0.00000000e+00  5.00000000e-01
 122.10000  3.00000000e+00  1.50000000e+00
 122.20000  1.00000000e+00  2.00000000e+00
 122.30000  1.00000000e+00  1.00000000e+00
 122.40000  1.00000000e+00  1.00000000e+00
 122.50000  1.00000000e+00  1.00000000e+00
 122.60000  1.00000000e+00  1.00000000e+00
 122.70000  3.00000000e+00  2.00000000e+00
 122.80000  3.00000000e+00  3.00000000e+00
 122.90000  0.00000000e+00  1.50000000e+00
 123.00000  1.00000000e+00  5.00000000e-01
 123.10000  2.00000000e+00  1.50000000e+00
 123.20000  3.00000000e+00  2.50000000e+00
 123.30000  1.00000000e+00  2.00000000e+00
 123.40000  1.00000000e+00  1.00000000e+00
 123.50000  1.00000000e+00  1.00000000e+00
 123.60000  0.00000000e+00  5.00000000e-01
 123.70000  0.00000000e+00  0.00000000e+00
 123.80000  3.00000000e+00  1.50000000e+00
 123.90000  1.00000000e+00  2.00000000e+00
 124.00000  1.00000000e+00  1.00000000e+00
 124.10000  2.00000000e+00  1.50000000e+00
 124.20000  2.00000000e+00  2.00000000e+00
 124.30000  2.00000000e+00  2.00000000e+00
 124.40000  0.00000000e+00  1.00000000e+00
 124.50000  2.00000000e+00  1.00000000e+00
 124.60000  2.00000000e+00  2.00000000e+00
 124.70000  0.00000000e+00  1.00000000e+00
 124.80000  1.00000000e+00  5.00000000e-01
 124.90000  0.00000000e+00  5.00000000e-01
 125.00000  1.00000000e+00  5.00000000e-01
 125.10000  2.00000000e+00  1.50000000e+00
 125.20000  1.00000000e+00  1.50000000e+00
 125.30000  2.00000000e+00  1.50000000e+00
 125.40000  0.00000000e+00  1.00000000e+00
 125.50000  1.00000000e+00  5.00000000e-01
 125.60000  1.00000000e+00  1.00000000e+00
 125.70000  2.00000000e+00  1.50000000e+00
 125.80000  4.00000000e+00  3.00000000e+00
 125.90000  2.00000000e+00  3.00000000e+00
 126.00000  0.00000000e+00  1.00000000e+00
 126.10000  2.00000000e+00  1.00000000e+00
 126.20000  0.00000000e+00  1.00000000e+00
 126.30000  1.00000000e+00  5.00000000e-01
 126.40000  3.00000000e+00  2.00000000e+00
 126.50000  1.00000000e+00  2.00000000e+00
 126.60000  2.00000000e+00  1.50000000e+00
 126.70000  2.00000000e+00  2.00000000e+00
 126.80000  1.00000000e+00  1.50000000e+00
 126.90000  3.00000000e+00  2.00000000e+00
 127.00000  1.00000000e+00  2.00000000e+00
 127.10000  3.00000000e+00  2.00000000e+00
 127.20000  2.00000000e+00  2.50000000e+00
 127.30000  0.00000000e+00  1.00000000e+00
 127.40000  1.00000000e+00  5.00000000e-01
 127.50000  3.00000000e+00  2.00000000e+00
 127.60000  2.00000000e+00  2.50000000e+00
 127.70000  0.00000000e+00  1.00000000e+00
 127.80000  2.00000000e+00  1.00000000e+00
 127.90000  1.00000000e+00  1.50000000e+00
 128.00000  1.00000000e+00  1.00000000e+00
 128.10000  1.00000000e+00  1.00000000e+00
 128.20000  1.00000000e+00  1.00000000e+00
 128.30000  3.00000000e+00  2.00000000e+00
 128.40000  0.00000000e+00  1.50000000e+00
 128.50000  3.00000000e+00  1.50000000e+00
 128.60000  2.00000000e+00  2.50000000e+00
 128.70000  1.00000000e+00  1.50000000e+00
 128.80000  1.00000000e+00  1.00000000e+00
 128.90000  1.00000000e+00  1.00000000e+00
 129.00000  1.00000000e+00  1.00000000e+00
 129.10000  1.00000000e+00  1.00000000e+00
 129.20000  1.00000000e+00  1.00000000e+00
 129.30000  0.00000000e+00  5.00000000e-01
 129.40000  2.00000000e+00  1.00000000e+00
 129.50000  0.00000000e+00  1.00000000e+00
 129.60000  2.00000000e+00  1.00000000e+00
 129.70000  0.00000000e+00  1.00000000e+00
 129.80000  1.00000000e+00  5.00000000e-01
 129.90000  3.00000000e+00  2.00000000e+00
 130.00000  1.00000000e+00  2.00000000e+00
